cte,steer,angle
0.7598,1,0
0.7598,-0.11397,0
0.7598,-0.11397,25
0.7598,-0.11397,-2.4129
0.7598,-0.11397,-2.4129
0.7598,-0.11397,-2.4129
0.7598,-0.11397,-2.4129
0.7598,-0.11397,-2.4129
0.7594,-0.11339,-2.4129
0.7589,-0.113185,-2.4129
0.7583,-0.112965,-2.3984
0.7575,-0.112585,-2.3933
0.7567,-0.112465,-2.3878
0.7552,-0.11133,-2.3783
0.754,-0.11154,-2.3753
0.7526,-0.11107,-2.3469
0.7519,-0.111875,-2.3522
0.7493,-0.109015,-2.3404
0.7474,-0.10964,-2.3605
0.7451,-0.108775,-2.289
0.7413,-0.106255,-2.3047
0.7399,-0.109165,-2.283
0.7368,-0.10649,-2.22
0.7333,-0.105445,-2.2928
0.7295,-0.104485,-2.2259
0.7229,-0.099855,-2.1998
0.7205,-0.104955,-2.1758
0.7154,-0.10068,-2.06
0.7097,-0.099045,-2.1875
0.7034,-0.09732,-2.0807
0.7001,-0.100725,-2.0398
0.693,-0.09472,-1.9967
0.6811,-0.086695,-2.0818
0.6767,-0.095785,-1.9317
0.663,-0.08164,-1.731
0.6528,-0.08466,-1.9583
0.6183,-0.047895,-1.6047
0.6118,-0.08332,-1.6802
0.5923,-0.063495,-0.761
0.5801,-0.071155,-1.6467
0.5725,-0.075995,-1.151
0.57,-0.08225,-1.3425
0.5548,-0.06346,-1.4635
0.5454,-0.06959,-1.6199
0.5356,-0.0676,-1.1502
0.5305,-0.072945,-1.3034
0.525,-0.0716,-1.2537
0.5186,-0.06947,-1.3873
0.5151,-0.072715,-1.3537
0.5075,-0.066245,-1.3004
0.4989,-0.063655,-1.3815
0.4894,-0.06106,-1.2198
0.4791,-0.058475,-1.155
0.4736,-0.06389,-1.0902
0.4619,-0.054075,-1.0255
0.4492,-0.05087,-1.1609
0.4357,-0.047805,-0.9155
0.4212,-0.04433,-0.8354
0.4136,-0.05216,-0.7588
0.3729,-0.003025,-0.6719
0.3358,-0.00214,-0.8677
0.3262,-0.03645,0.3607
0.3069,-0.020945,0.3828
0.2871,-0.017325,-0.4749
0.2666,-0.01334,-0.0873
0.2458,-0.00983,0.0032
0.2246,-0.00613,0.1028
0.214,-0.01832,0.1906
0.1818,0.01459,0.2831
0.16,0.00434,-0.0217
0.1384,0.00732,0.8011
0.1278,-0.00539,0.5448
0.1067,0.011425,0.6193
0.0857,0.014445,0.3016
0.0652,0.01687,0.722
0.0452,0.01922,0.7975
0.026,0.02106,0.8581
0.0077,0.022635,0.9168
-0.0097,0.024075,0.9628
-0.0337,0.036255,1.0022
-0.0481,0.025935,1.0382
-0.0547,0.016785,1.3427
-0.0723,0.033725,1.0847
-0.0823,0.025345,0.856
-0.0905,0.024235,1.2795
-0.0968,0.02271,1.07
-0.103,0.02351,1.0422
-0.1042,0.01719,1.0041
-0.1049,0.016645,1.0241
-0.1039,0.014285,0.8661
-0.1002,0.01022,0.8525
-0.0879,-0.002805,0.7935
-0.0505,-0.041045,0.6918
-0.0133,-0.046365,0.3662
0.0888,-0.14605,-0.5898
0.1095,-0.043335,-0.7228
0.1483,-0.072685,-3.2149
0.1858,-0.07662,-0.647
0.2219,-0.080215,-1.3808
0.2726,-0.1068,-1.4792
0.3034,-0.08555,-1.569
0.331,-0.08553,-2.2337
0.3553,-0.084885,-1.7024
0.3853,-0.096795,-1.7019
0.4006,-0.07998,-1.6858
0.4116,-0.07604,-1.9835
0.4185,-0.071745,-1.5632
0.4209,-0.066255,-1.4647
0.4171,-0.057625,-1.3573
0.4036,-0.04299,-1.22
0.3894,-0.03995,-1.0043
0.3716,-0.0326,-0.6384
0.3382,-0.00731,-0.5624
0.312,-0.01274,-0.3787
0.2979,-0.026355,0.2536
0.268,-0.00133,0.1178
0.2189,0.030995,-0.2225
0.1838,0.01806,0.4031
0.1483,0.023905,1.2112
0.1088,0.03503,0.8878
0.0957,0.002675,1.034
0.0989,-0.018995,1.3121
0.1044,-0.02281,0.5032
0.1137,-0.029145,-0.0385
0.1239,-0.031845,-0.1339
0.1308,-0.02859,-0.2923
0.1375,-0.029335,-0.3598
0.1473,-0.034835,-0.2784
0.1534,-0.03094,-0.297
0.1615,-0.034755,-0.4345
0.166,-0.03075,-0.3372
0.1696,-0.03012,-0.4325
0.1723,-0.029355,-0.3324
0.1745,-0.029035,-0.3167
0.1738,-0.02516,-0.2975
0.173,-0.02491,-0.2895
0.167,-0.01725,-0.1927
0.1624,-0.01838,-0.1864
0.1639,-0.026535,0.0051
0.1865,-0.057355,-0.0232
0.2419,-0.108305,-0.227
0.2777,-0.088195,-0.9975
0.3245,-0.109515,-2.2713
0.3502,-0.08594,-1.7685
0.3784,-0.09342,-2.3015
0.3897,-0.073145,-1.7122
0.3944,-0.06527,-1.8992
0.3894,-0.05191,-1.3923
0.3779,-0.041735,-1.1954
0.3492,-0.01507,-0.8614
0.3229,-0.014245,-0.607
0.2917,-0.003195,0.0596
0.2372,0.03527,0.0802
0.1964,0.02358,0.3565
0.1322,0.06363,1.3181
0.0884,0.04368,1.0258
0.0294,0.07229,2.0271
-0.0157,0.060985,1.5283
0.0142,-0.041,2.2436
0.0268,-0.0204,1.961
0.0498,-0.03737,-0.5887
0.0671,-0.032555,-0.0737
0.095,-0.05052,-0.4979
0.1145,-0.042525,-0.3775
0.1436,-0.05937,-0.8267
0.1623,-0.048655,-0.6268
0.1798,-0.04972,-1.0479
0.1959,-0.050315,-0.78
0.2103,-0.050265,-0.8067
0.228,-0.05721,-0.8215
0.2369,-0.047105,-0.8203
0.2429,-0.044235,-0.9939
0.2466,-0.0418,-0.7413
0.2453,-0.035105,-0.6695
0.241,-0.03056,-0.6087
0.2292,-0.01904,-0.4413
0.2178,-0.01785,-0.3277
0.2188,-0.03412,-0.0397
0.2511,-0.079655,-0.0099
0.3367,-0.161785,-0.4167
0.3898,-0.1275,-1.555
0.4364,-0.12604,-3.6083
0.4753,-0.121865,-2.7512
0.5181,-0.133355,-2.7147
0.5352,-0.10251,-2.6103
0.5422,-0.09043,-2.8975
0.539,-0.07669,-2.1264
0.5156,-0.04692,-1.8244
0.4878,-0.03703,-1.4809
0.4511,-0.019955,-0.7367
0.4063,-0.002705,-0.4894
0.3542,0.0146,-0.0625
0.2961,0.031115,0.3687
0.2332,0.04679,0.8013
0.167,0.06101,1.2142
0.0848,0.09414,1.6061
0.0483,0.040205,1.9616
0.0147,0.041475,2.7898
-0.0164,0.04289,1.4415
-0.0447,0.043495,1.4732
-0.0809,0.059195,1.5086
-0.0999,0.039685,1.5237
-0.1139,0.035285,1.9162
-0.1226,0.0297,1.4285
-0.1254,0.02245,1.3185
-0.1203,0.011415,1.1788
-0.1096,0.00253,0.9976
-0.0936,-0.00676,0.7217
-0.0466,-0.05411,0.4996
-0.0176,-0.03506,0.2673
0.1317,-0.213845,-0.9164
0.2465,-0.186215,-0.4402
0.4133,-0.278835,-4.9098
0.5155,-0.210185,-4.219
0.6458,-0.26626,-6.5345
0.7148,-0.19692,-4.8183
0.7856,-0.20988,-6.2202
0.8144,-0.1596,-4.4867
0.8091,-0.114475,-4.8107
0.6362,0.12934,-3.5537
0.4322,0.20037,-2.4255
0.1809,0.299555,3.6698
0.0505,0.161945,5.4456
-0.1339,0.259805,7.9252
-0.2466,0.1835,4.485
-0.3475,0.183295,6.9315
-0.435,0.179,5.0238
-0.534,0.2088,5.0187
-0.5281,0.071545,4.9113
-0.4528,-0.02997,5.6563
-0.359,-0.06809,2.225
-0.1937,-0.185835,-0.3129
-0.0708,-0.14915,-1.2659
0.0566,-0.17411,-4.2095
0.2508,-0.29008,-3.2924
0.3789,-0.223365,-3.9164
0.556,-0.31363,-6.8157
0.6604,-0.23478,-5.1478
0.7496,-0.2284,-7.4044
0.8223,-0.217855,-5.4332
0.9143,-0.256745,-5.2737
0.993,-0.25126,-5.01
1.0573,-0.242185,-5.9823
1.1095,-0.234285,-5.8452
1.1133,-0.171935,-5.6183
1.0708,-0.10537,-5.4208
1.011,-0.07391,-3.862
0.9284,-0.03188,-2.1979
0.7661,0.096075,-1.4114
0.6351,0.075035,-0.3607
0.4917,0.112665,2.8382
0.4163,0.035575,2.3122
0.2,0.25119,3.253
0.1103,0.100065,1.3257
0.0819,0.024635,6.7161
0.0394,0.04934,2.938
-0.0035,0.056295,1.0522
-0.046,0.06215,1.6698
-0.0667,0.036915,1.8437
-0.1061,0.067135,1.9901
-0.1428,0.06913,1.3592
-0.1757,0.069125,2.1147
-0.2036,0.06681,2.1646
-0.2257,0.062585,2.1645
-0.2415,0.056765,2.1066
-0.2504,0.04913,2.001
-0.25,0.03698,1.8555
-0.2403,0.023435,1.6646
-0.2115,-0.005715,1.3608
-0.1982,0.01244,1.0222
-0.149,-0.04161,0.2935
-0.1085,-0.036375,0.7473
-0.0631,-0.049555,-0.6039
-0.0137,-0.062165,-0.473
0.0387,-0.073925,-0.8025
0.093,-0.08454,-1.1178
0.1482,-0.09399,-1.4118
0.274,-0.20464,-1.6772
0.4309,-0.268605,-1.9134
0.5875,-0.291705,-4.6797
0.7333,-0.299535,-6.2788
0.8644,-0.30009,-6.8563
0.9234,-0.21521,-7.052
1.0265,-0.288005,-7.0659
1.1102,-0.27534,-4.9439
1.1935,-0.287315,-6.7638
1.2179,-0.214405,-6.4472
1.2197,-0.185295,-6.7465
1.238,-0.20949,-4.9238
1.3639,-0.368255,-4.196
1.3995,-0.256205,-4.8009
1.4463,-0.277785,-8.77
1.4622,-0.24,-5.9688
1.4585,-0.213965,-6.5083
1.4012,-0.13569,-5.5637
1.325,-0.09969,-4.9128
1.2207,-0.047515,-2.9559
1.0907,0.005395,-2.0559
1.017,-0.05674,-0.7515
0.8552,0.08206,0.5712
0.5775,0.274385,-0.9822
0.1805,0.489025,2.4878
0.0989,0.091245,7.296
0.0662,0.03258,12.662
0.0395,0.028785,2.7175
0.0163,0.027715,1.2508
-0.0034,0.02612,1.156
-0.0192,0.02342,1.1292
-0.0306,0.01941,1.0893
-0.0347,0.010535,1.0218
-0.0394,0.01202,0.9216
-0.0397,0.006345,0.6997
-0.0252,-0.01507,0.7368
0.1385,-0.233585,0.595
0.2728,-0.21551,0.0596
0.4044,-0.23174,-5.4033
0.5294,-0.24191,-4.9514
0.645,-0.24703,-5.3572
0.7487,-0.247115,-5.6114
0.8379,-0.241645,-5.7394
0.9107,-0.231245,-5.7415
0.9651,-0.215485,-5.6048
0.9851,-0.173765,-5.3448
1.0102,-0.18416,-4.9508
1.0157,-0.159505,-3.9078
1.0011,-0.131185,-4.1677
0.9862,-0.12856,-3.5513
0.942,-0.08384,-2.8433
0.8836,-0.05662,-2.7777
0.9088,-0.16908,-1.6597
1.0497,-0.340625,-0.9792
1.1854,-0.35422,-3.7907
1.2446,-0.26365,-8.0793
1.3425,-0.328645,-8.4192
1.4134,-0.30418,-6.1549
1.4655,-0.287555,-7.7798
1.4434,-0.18778,-7.1682
1.3484,-0.07876,-6.7525
1.2455,-0.053055,-4.2582
1.081,0.0517,-1.5327
0.981,-0.01715,-0.89
0.8919,-0.017955,1.7288
0.7867,0.018755,0.0076
0.6666,0.05614,-0.0125
0.4638,0.19407,0.9052
0.3173,0.142855,1.8398
0.1113,0.251105,5.2881
0.1192,-0.02815,4.0077
0.1946,-0.12721,6.714
0.2736,-0.14374,-0.2674
0.3512,-0.15356,-2.7439
0.4249,-0.159545,-3.1572
0.4926,-0.1619,-3.4027
0.5238,-0.11913,-3.5523
0.604,-0.19486,-3.6112
0.6262,-0.12279,-2.5419
0.6741,-0.163385,-4.4352
0.6908,-0.12533,-2.6334
0.6945,-0.108985,-3.6483
0.6913,-0.099535,-2.6969
0.6629,-0.062515,-2.2883
0.6471,-0.076525,-2.052
0.607,-0.03892,-1.1265
0.7201,-0.255045,-1.4768
0.847,-0.29202,-0.5367
0.9588,-0.28916,-5.9398
1.0506,-0.27693,-6.8642
1.0882,-0.21211,-6.7927
1.146,-0.24704,-6.4869
1.1809,-0.222505,-4.8664
1.1917,-0.192795,-5.7397
1.1778,-0.1586,-5.1263
1.1395,-0.121135,-4.3835
1.0778,-0.08146,-3.5287
0.9939,-0.040015,-2.592
0.8899,0.001715,-1.6002
0.7749,0.033265,-0.564
0.7007,-0.008645,0.4792
0.6695,-0.059865,1.268
0.5979,0.003395,0.2202
0.514,0.03197,-1.0603
0.4196,0.05978,0.5212
0.3692,0.01014,1.2356
0.2641,0.097015,1.9308
0.1533,0.121045,0.6898
0.0397,0.141725,2.8617
-0.0724,0.15659,3.4625
-0.0784,0.01956,3.9795
-0.0319,-0.055665,4.3511
0.0065,-0.050895,0.9253
0.0474,-0.06028,-0.9553
0.0899,-0.068735,-0.836
0.1549,-0.107735,-1.0707
0.1978,-0.08544,-1.282
0.2384,-0.08854,-2.257
0.2577,-0.063745,-1.6997
0.2936,-0.09071,-1.7772
0.3262,-0.09131,-1.1573
0.3547,-0.090255,-1.8314
0.3781,-0.087135,-1.8464
0.3959,-0.082525,-1.82
0.4026,-0.0691,-1.742
0.4114,-0.07315,-1.6268
0.4141,-0.065625,-1.2912
0.4105,-0.056895,-1.3924
0.4101,-0.060995,-1.2043
0.4415,-0.107045,-0.986
0.5155,-0.173525,-1.0885
0.5846,-0.17752,-2.2398
0.6437,-0.173385,-3.9018
0.6906,-0.16456,-4.0017
0.7244,-0.1526,-3.8983
0.7443,-0.137515,-3.6777
0.7488,-0.11817,-3.3787
0.7472,-0.11,-3.0015
0.7315,-0.089315,-2.5179
0.7019,-0.066805,-2.3137
0.6326,-0.0048,-1.7965
0.6031,-0.052115,-1.2338
0.5368,0.00567,0.3163
0.4927,-0.016575,-0.8665
0.4747,-0.047805,0.5781
0.4698,-0.0641,0.022
0.4541,-0.047705,-0.7588
0.4306,-0.03404,-1.1662
0.3995,-0.019495,-0.7563
0.3617,-0.005115,-0.4147
0.294,0.04391,-0.051
0.2689,-0.007705,0.3085
0.2168,0.03521,1.5341
0.1618,0.04723,0.2437
0.105,0.05809,1.3166
0.0479,0.067045,1.6171
-0.0356,0.11389,1.8886
-0.0623,0.044055,2.1125
-0.1118,0.08112,3.2836
-0.1568,0.08202,1.5377
-0.1963,0.080795,2.4643
-0.2293,0.077295,2.4868
-0.2548,0.07137,2.4562
-0.2724,0.06374,2.3687
-0.2778,0.04869,2.2206
-0.2901,0.059505,2.0298
-0.205,-0.07988,1.6536
-0.1233,-0.087715,1.924
-0.0792,-0.04545,-1.5607
0.0116,-0.11978,-1.7565
0.1545,-0.208945,-0.6999
0.203,-0.0935,-2.5582
0.297,-0.16675,-4.7873
0.388,-0.1765,-1.9012
0.474,-0.1829,-3.7324
0.5526,-0.18507,-3.9762
0.6219,-0.183375,-4.1362
0.6526,-0.1378,-4.1904
0.705,-0.17387,-4.148
0.7456,-0.16462,-3.0087
0.7611,-0.134315,-3.9104
0.7818,-0.14418,-3.6792
0.7888,-0.12742,-2.9215
0.7816,-0.10788,-3.1682
0.7726,-0.10419,-2.7492
0.7444,-0.075,-2.2607
0.7025,-0.050905,-2.1684
0.6766,-0.06782,-1.4387
0.616,-0.01362,-0.8363
0.5437,0.012435,-1.2592
0.5037,-0.023555,0.0958
0.4175,0.049435,0.7472
0.273,0.1469,-0.1525
0.1692,0.10956,1.6722
0.1168,0.0506,4.1088
0.012,0.13444,3.1753
-0.0928,0.15016,1.7013
-0.1946,0.16153,3.7973
-0.2906,0.16839,4.1903
-0.3752,0.16626,4.4746
-0.6788,0.4965,4.6461
-0.4652,-0.2079,4.5928
-0.238,-0.25966,12.8488
-0.1765,-0.053475,-4.7612
-0.0071,-0.219155,-6.0552
0.1101,-0.168875,-0.9005
0.2278,-0.18718,-5.0425
0.3433,-0.201645,-3.7855
0.4545,-0.212735,-4.2432
0.5588,-0.21941,-4.6048
0.6537,-0.221425,-4.882
0.737,-0.21884,-5.0489
0.8067,-0.211615,-5.0993
0.861,-0.19974,-5.0347
0.9191,-0.213395,-4.854
0.9,-0.11017,-4.5572
0.8316,-0.03582,-4.8985
0.7608,-0.02208,-2.3179
0.6733,0.012755,-0.4592
0.571,0.04734,-0.1157
0.4562,0.08081,0.7552
0.2665,0.206635,1.6198
0.1322,0.15476,2.4566
-0.0022,0.17505,5.6022
-0.1339,0.191295,4.3053
-0.321,0.29138,4.8126
-0.3792,0.13254,5.2187
-0.4846,0.20971,7.7208
-0.577,0.20667,3.7498
-0.6543,0.198635,5.6791
-0.7143,0.185145,5.6031
-0.7554,0.16674,5.4022
-0.7767,0.144195,5.065
-0.7774,0.11752,4.6048
-0.7576,0.0879,4.0412
-0.7177,0.055785,3.3743
-0.6583,0.021525,2.6338
-0.5808,-0.01363,1.831
-0.4868,-0.04918,0.9745
-0.3783,-0.084305,0.0956
-0.2578,-0.11798,-0.7932
0.0088,-0.3479,-1.6713
0.1504,-0.20664,-2.5132
0.288,-0.22208,-8.2612
0.4195,-0.233875,-4.7297
0.5433,-0.242435,-5.1157
0.6565,-0.245635,-5.4105
0.7567,-0.243765,-5.6245
0.8416,-0.23661,-5.7045
0.9093,-0.224405,-5.6578
0.9582,-0.2073,-5.4789
0.9873,-0.185925,-5.1738
0.9959,-0.160565,-4.7462
0.9697,-0.111395,-4.2118
0.8967,-0.039605,-3.5778
0.7795,0.035435,-2.3485
0.6798,0.02764,-0.5538
0.5669,0.061735,1.3222
0.443,0.09462,1.1273
0.2423,0.224565,1.9797
0.1023,0.166655,2.8018
-0.1032,0.28263,6.0505
-0.2331,0.203835,4.6027
-0.4059,0.285525,7.5021
-0.503,0.20168,5.5322
-0.6133,0.235385,7.5745
-0.661,0.16116,5.4783
-0.69,0.1412,6.321
-0.6804,0.08958,4.4653
-0.6238,0.01999,3.9663
-0.5589,-0.000535,2.6758
-0.475,-0.03782,0.9361
-0.3742,-0.07491,0.423
-0.1967,-0.201245,-0.5092
-0.0643,-0.162475,-1.4364
0.0732,-0.18973,-4.5948
0.2827,-0.314755,-3.6255
0.3521,-0.143035,-4.3069
0.5487,-0.337885,-7.4325
0.6847,-0.279505,-3.1395
0.8453,-0.335575,-8.0108
1.0524,-0.42709,-6.5513
0.9871,-0.063175,-7.953
1.0344,-0.21665,-10.2409
1.0698,-0.20649,-1.143
1.0807,-0.176275,-4.9799
1.0582,-0.12948,-4.7259
0.98,-0.04534,-3.9705
0.8996,-0.03042,-2.8007
0.7429,0.092275,-0.6972
0.6173,0.070685,-0.3242
0.4799,0.106635,2.7432
0.3337,0.140005,2.2035
0.1043,0.282575,3.1022
-0.0508,0.20925,3.9365
-0.2003,0.224395,7.5007
-0.4081,0.331355,5.6676
-0.5321,0.241015,6.0462
-0.6925,0.312395,8.7202
-0.7956,0.25337,6.4617
-0.87,0.22722,8.2462
-0.913,0.19285,6.7706
-0.9083,0.130135,6.1168
-0.8761,0.089555,5.2576
-0.7801,-0.007785,3.6897
-0.6272,-0.10469,2.6752
-0.4512,-0.16112,0.2417
-0.2276,-0.25654,-2.1809
0.1265,-0.479305,-3.5917
0.3662,-0.36654,-5.9772
0.7084,-0.55112,-11.5463
0.9172,-0.40902,-8.7272
1.103,-0.40699,-13.3417
1.393,-0.58595,-9.7892
1.4466,-0.28667,-9.7384
1.5238,-0.32893,-14.2124
1.5729,-0.299765,-6.7304
1.561,-0.21868,-7.7869
1.5127,-0.164115,-7.0578
1.3762,-0.02898,-5.0307
1.2645,-0.044465,-3.6665
1.1745,-0.059175,-0.2882
1.0919,-0.056405,-0.6753
0.926,0.07677,-1.043
0.7898,0.05859,-0.9738
0.5587,0.216625,2.3556
0.3913,0.158925,1.9011
0.2199,0.189835,5.852
0.0479,0.216415,4.4095
-0.1216,0.23859,5.1822
-0.3631,0.368415,5.8467
-0.5107,0.268485,6.4011
-0.6404,0.26467,9.6467
-0.7502,0.25527,7.1485
-0.8739,0.291895,7.0531
-0.9262,0.20692,6.8181
-0.9331,0.148935,7.7337
-0.8187,-0.025915,5.6093
-0.6658,-0.0989,4.1597
-0.4922,-0.15185,-0.2115
-0.3031,-0.200365,-2.0362
-0.1032,-0.24439,-3.3599
0.1028,-0.28322,-4.5728
0.2065,-0.165785,-5.6734
0.4118,-0.32866,-6.6442
0.6981,-0.476905,-3.7083
0.8934,-0.3879,-7.7802
1.4667,-0.965295,-11.4863
1.6476,-0.48231,-9.2612
1.9879,-0.740575,-23.696
2.2973,-0.746815,-11.6214
2.5681,-0.737255,-18.078
2.7931,-0.711465,-18.234
2.9668,-0.67083,-17.995
3.0844,-0.61554,-17.3503
3.1212,-0.51602,-16.3344
3.1478,-0.50675,-14.9522
3.1211,-0.433455,-12.4642
3.1514,-0.5121,-12.2324
3.2196,-0.5716,-10.4
3.2187,-0.481635,-12.3662
3.142,-0.37159,-13.8537
3.0065,-0.274825,-11.6045
2.8184,-0.17823,-8.8534
2.5838,-0.08259,-6.4343
2.2288,0.12718,-4.0194
2.1232,-0.1812,-1.6284
2.0409,-0.199145,3.6158
1.9559,-0.182885,-4.0937
1.7791,-0.037025,-4.5423
1.6305,-0.051395,-4.1358
1.3724,0.12967,-0.4893
1.08,0.21812,-0.8485
0.7732,0.28286,3.6781
0.5486,0.20969,5.8893
0.5567,-0.094035,7.5078
0.588,-0.12889,5.6786
0.6112,-0.12184,-1.9145
0.6402,-0.13373,-2.7859
0.6615,-0.126915,-2.6097
0.6696,-0.11097,-2.9069
0.7337,-0.193385,-2.7365
0.9957,-0.489955,-2.3379
1.2452,-0.51113,-4.3983
1.389,-0.39529,-11.8125
1.5534,-0.44673,-12.3419
1.6256,-0.3377,-9.4459
1.6707,-0.309235,-10.7319
1.639,-0.20464,-8.0062
1.5326,-0.09157,-7.2945
1.5032,-0.18726,-4.6797
1.5466,-0.28841,-1.8529
1.5633,-0.256205,-4.2452
1.54,-0.20071,-6.7739
1.453,-0.10485,-5.9688
1.3625,-0.086725,-4.5814
1.1848,0.05329,-2.1849
1.0403,0.031805,-1.7318
0.7958,0.19848,1.7686
0.6178,0.13873,1.2315
0.4418,0.16253,5.3983
0.209,0.27129,3.9046
0.0587,0.186585,4.4996
-0.0847,0.199125,7.2186
-0.2835,0.300965,5.101
-0.4027,0.215365,5.4145
-0.5058,0.2099,7.9605
-0.5917,0.200425,5.8205
-0.6861,0.225635,5.6838
-0.7244,0.15845,5.447
-0.7355,0.124755,6.0772
-0.7396,0.11627,4.3976
0.6624,1,3.5552
-0.5065,-1,3.3431
-0.4201,-0.049305,25
-0.2396,-0.19871,-24.5637
-0.0483,-0.241445,-0.7963
0.15,-0.28029,-4.5314
0.25,-0.1675,-5.5998
0.4482,-0.32489,-6.5709
0.6442,-0.35143,-3.7512
0.8325,-0.369665,-7.6859
0.9219,-0.254505,-8.3494
1.0884,-0.37971,-8.8053
1.2385,-0.380905,-5.9263
1.3675,-0.372825,-9.0564
1.4714,-0.35578,-9.0863
1.5473,-0.330765,-8.8843
1.5933,-0.298795,-8.4582
1.6046,-0.25538,-7.8328
1.5925,-0.223145,-7.0335
1.5461,-0.171595,-5.9482
1.4703,-0.122005,-5.1423
1.422,-0.15051,-3.8535
1.3063,-0.045535,-2.6138
1.165,0.00894,-3.3264
1.0858,-0.05991,-0.702
0.8211,0.220945,0.6598
0.6231,0.163935,-1.0614
0.4161,0.206685,5.96
0.2049,0.243825,4.5347
-0.0069,0.276375,5.6035
-0.5109,0.731835,6.532
-0.6037,0.211195,7.3457
-0.772,0.33459,18.7322
-0.9202,0.33069,5.7162
-1.0454,0.31957,8.8011
-1.0982,0.23337,8.7036
-1.1823,0.286675,8.4256
-1.2381,0.258255,6.2706
-1.2514,0.205,7.6032
-1.2566,0.19525,6.8927
-1.2478,0.17573,5.5613
-1.2082,0.12975,5.3176
-1.1398,0.08205,4.8296
-1.0951,0.106155,3.6801
-0.9867,0.007085,2.4876
-0.9231,0.055785,3.0902
-0.8541,0.038415,0.6135
-0.6994,-0.0962,1.831
-0.5239,-0.149565,1.3967
-0.4299,-0.057715,-1.9687
-0.333,-0.07602,-3.3028
-0.2329,-0.095195,-1.0065
-0.0239,-0.268115,-1.4642
0.0841,-0.153015,-1.9435
0.1927,-0.170085,-6.2665
0.4125,-0.347615,-3.389
0.6333,-0.382035,-3.8158
0.7417,-0.252175,-8.254
0.8472,-0.26423,-9.1145
1.0513,-0.423025,-5.868
1.2438,-0.43682,-6.1694
1.3334,-0.31649,-10.1393
1.4952,-0.43462,-10.4842
1.6339,-0.425395,-7.4759
1.6932,-0.33107,-10.4292
1.7885,-0.392165,-10.1985
1.8246,-0.32062,-7.8404
1.8718,-0.34213,-9.3678
1.8859,-0.301215,-7.5792
1.8803,-0.274765,-8.1169
1.844,-0.22941,-7.094
1.8136,-0.23252,-6.4328
1.7243,-0.142555,-5.2989
1.6788,-0.19267,-5.3767
1.3848,0.17448,-3.1275
1.0935,0.214665,-4.3804
0.9412,0.05681,4.7983
0.786,0.08386,5.803
0.4647,0.347985,1.8566
0.2994,0.16998,2.5328
-0.0318,0.43533,9.136
-0.3641,0.486605,4.6858
-0.5282,0.29256,11.3196
-0.8462,0.54033,12.6015
-0.9999,0.349795,7.7503
-1.2047,0.446945,13.9446
-1.4587,0.549005,9.1812
-1.661,0.51214,11.61
-2.0884,0.86888,14.1615
-2.4817,0.883545,13.2398
-2.6629,0.634995,22.1583
-2.8326,0.6455,22.525
-2.9903,0.653555,16.3112
-3.2567,0.834825,16.5738
-3.4439,0.759945,16.7752
-3.5873,0.724515,21.307
-3.5873,0.538095,21.307
-3.7317,0.747475,18.5492
-3.7812,0.63153,13.8887
-3.8304,0.63852,19.1232
-3.8305,0.574705,16.2246
-3.8143,0.551085,16.3993
-3.7822,0.5256,14.804
-3.671,0.40609,14.2135
-3.4988,0.30096,13.5763
-3.3914,0.36909,10.5886
-3.2254,0.26801,7.9603
-3.1827,0.421895,9.6636
-3.1317,0.403455,7.1366
-3.1019,0.426545,10.9837
-3.0585,0.402355,10.5227
-2.8474,0.15268,11.1
-2.7511,0.287475,10.4952
-2.6441,0.257515,4.2533
-2.3981,0.039915,7.6232
-2.2601,0.159615,6.8742
-1.9607,-0.095115,1.4342
-1.7995,0.060365,4.4267
-1.4631,-0.217855,-1.9415
-1.3212,0.01371,1.9455
-1.1571,-0.039765,-5.01
-1.1048,0.09773,0.7791
-0.9876,-0.00422,-0.5578
-0.8521,-0.048335,2.8796
-0.7783,0.020805,0.3308
-0.621,-0.11134,-0.772
-0.4509,-0.153495,0.9565
-0.2718,-0.19206,-2.3472
-0.1802,-0.09205,-3.401
-0.088,-0.10666,-4.3652
0.0995,-0.258675,-1.8649
0.1982,-0.15804,-2.2302
0.1079,0.101205,-6.0305
0.0586,0.0553,-3.5147
-0.0376,0.1307,2.9665
-0.1306,0.14049,1.8188
-0.1753,0.084405,3.7038
-0.259,0.14766,3.9486
-0.336,0.1505,2.5465
-0.404,0.149,4.1278
-0.434,0.1041,4.1988
-0.4854,0.13963,4.1613
-0.5068,0.10384,3.0388
-0.54,0.12416,3.9271
-0.6034,0.17293,3.0323
-0.6691,0.185775,3.5403
-0.7957,0.283935,4.7596
-0.9057,0.278855,5.0807
-0.953,0.20444,7.5347
-1.0303,0.255035,7.4077
-1.0603,0.198045,5.5473
-1.1018,0.21922,6.8122
-1.1186,0.18963,5.3875
-1.1099,0.155175,5.9168
-1.0753,0.116315,5.1771
-1.0482,0.122,4.3157
-1.0714,0.19087,3.3442
-1.0762,0.16767,3.4863
-1.0694,0.15157,5.2081
-1.0372,0.11372,4.6281
-0.9804,0.07322,4.2256
-0.6018,-0.40191,3.2793
-0.4531,-0.125345,2.2668
-0.3868,-0.02817,-9.6114
-0.2638,-0.12033,-2.6973
-0.136,-0.14574,-0.2679
-0.0692,-0.07646,-2.5719
0.1373,-0.289045,-3.2072
0.3508,-0.33017,-1.4752
0.4212,-0.1547,-6.7898
0.5548,-0.2569,-7.8179
0.6806,-0.26563,-3.4312
0.7956,-0.26884,-5.9862
0.8964,-0.2655,-6.2044
0.9407,-0.198695,-6.2847
1.0157,-0.249855,-6.2012
1.0729,-0.235295,-4.531
1.1103,-0.215165,-5.81
1.1212,-0.18235,-5.446
1.127,-0.17659,-4.9428
1.1219,-0.161655,-4.1224
1.0962,-0.13102,-3.9784
1.0491,-0.096135,-3.605
0.9781,-0.054415,-2.8392
0.9337,-0.082335,-1.967
0.8315,0.008135,-0.924
0.7126,0.04768,-1.622
0.58,0.08538,0.6397
0.5096,0.01508,1.6283
0.3632,0.13584,2.5708
0.2095,0.168385,0.8133
0.1311,0.082255,3.8323
-0.0255,0.207405,4.646
-0.1037,0.117215,2.4927
-0.256,0.23639,5.6215
-0.4032,0.25184,3.3667
-0.4736,0.16256,6.3461
-0.6048,0.26128,6.7323
-0.7235,0.262835,4.5003
-0.777,0.1861,6.9683
-0.8699,0.251255,7.0072
-0.9095,0.187905,5.0888
-0.9725,0.227775,6.7177
-1.01,0.20025,5.134
-0.9746,0.10017,6.1307
-0.9471,0.106315,5.4426
-0.8749,0.037375,2.9406
-0.7817,-0.003905,3.0942
-0.7278,0.0391,1.3707
-0.6075,-0.065265,0.3387
-0.4705,-0.107525,1.4138
-0.3201,-0.147505,-1.1953
-0.2412,-0.06639,-2.2518
-0.1605,-0.080835,-3.2513
0.0068,-0.21851,-1.2234
0.1806,-0.25303,-1.5845
0.3554,-0.28055,-5.0264
0.4415,-0.178155,-5.8894
0.5259,-0.188605,-6.5774
0.6908,-0.31799,-4.0175
0.7708,-0.21962,-4.2788
0.9206,-0.33283,-7.5134
1.0569,-0.335725,-5.0542
1.1187,-0.248145,-7.8844
1.2267,-0.324405,-7.9568
1.3141,-0.310735,-5.7673
1.3778,-0.28948,-7.6738
1.3999,-0.238715,-7.332
1.4242,-0.24522,-6.8007
1.4221,-0.210585,-5.5315
1.4109,-0.197075,-5.6942
1.3687,-0.150445,-4.8283
1.3376,-0.16021,-4.4905
1.2569,-0.083625,-3.3248
1.1515,-0.035705,-3.5689
1.0241,0.012005,-1.6543
0.9599,-0.060525,-0.4563
0.8666,-0.0087,0.7365
0.823,-0.06677,-1.0768
0.7921,-0.078645,0.2188
0.7712,-0.08851,-1.2329
0.7184,-0.03912,-1.5298
0.6865,-0.061505,-1.7764
0.6134,0.00302,-0.5417
0.5722,-0.03227,-1.1013
0.4825,0.044235,0.5118
0.4341,-0.002195,-0.3704
0.3322,0.08264,1.5422
0.2237,0.107495,0.3815
0.1679,0.047355,2.5023
0.0554,0.13794,3.1237
-0.0013,0.073905,1.6202
-0.0875,0.125185,3.8848
-0.0244,-0.07837,2.284
0.0221,-0.063765,3.566
0.0684,-0.07045,-1.5229
0.1604,-0.14366,-1.1578
0.2058,-0.08989,-1.3249
0.2933,-0.157745,-3.1552
0.3764,-0.16449,-1.8109
0.453,-0.16753,-3.5073
0.4882,-0.11899,-3.6759
0.5513,-0.164725,-3.7519
0.5793,-0.123295,-2.5384
0.627,-0.15606,-3.6818
0.6467,-0.122615,-2.646
0.6634,-0.12122,-3.4652
0.6882,-0.13547,-2.629
0.7013,-0.122225,-2.5942
0.7017,-0.105775,-2.9504
0.6971,-0.098585,-2.6193
0.6786,-0.07774,-2.208
0.6647,-0.081635,-2.0283
0.6665,-0.102315,-1.5072
0.8417,-0.354015,-1.6045
0.9989,-0.354195,-2.1215
1.3965,-0.726355,-8.414
1.7862,-0.77454,-8.4185
1.9702,-0.53473,-17.7225
2.1458,-0.55015,-18.9272
2.4691,-0.790655,-12.9319
2.6159,-0.583225,-13.3174
2.8758,-0.76924,-19.33
3.0887,-0.740075,-14.1443
3.176,-0.58989,-18.7947
3.3853,-0.779885,-18.0655
3.401,-0.53056,-14.3109
3.3848,-0.48666,-19.0608
3.3079,-0.396215,-12.8277
3.2475,-0.408605,-11.7302
3.086,-0.25295,-9.469
2.892,-0.1816,-9.7788
2.6476,-0.07942,-5.8874
2.5086,-0.19559,-4.1037
2.2023,0.067845,-1.5492
1.8594,0.16686,-4.4534
1.4889,0.258315,2.1325
1.2962,0.05608,4.6078
0.7308,0.6254,6.8942
0.5994,0.08091,1.8383
0.4589,0.113815,16.0713
0.491,-0.11538,2.4591
0.517,-0.11135,3.2817
0.5625,-0.143525,-2.4482
0.5992,-0.13759,-2.3474
0.626,-0.12874,-3.1518
0.642,-0.1171,-3.0034
0.646,-0.1021,-2.7822
0.6418,-0.09081,-2.4912
0.6351,-0.086555,-2.1162
0.614,-0.06467,-1.8339
0.5829,-0.047005,-1.7275
0.5425,-0.028855,-1.1804
0.4935,-0.010325,-0.7388
0.4661,-0.034295,-0.285
0.3742,0.06334,0.1782
0.3405,-0.007265,-0.421
0.271,0.0497,2.0198
0.198,0.0652,0.2547
0.1231,0.078905,1.6788
0.0481,0.090285,2.0663
-0.0255,0.099505,2.409
-0.1015,0.114025,2.6935
0.0233,-0.165735,2.924
0.1002,-0.115,3.287
0.2523,-0.235575,-3.707
0.4017,-0.254475,-2.4387
0.4742,-0.16538,-5.453
0.6758,-0.36345,-5.9255
0.7376,-0.19098,-3.6982
0.8474,-0.26985,-8.6499
0.941,-0.26283,-4.3382
0.9811,-0.199295,-6.3099
1.046,-0.24127,-6.1344
1.0912,-0.22244,-4.546
1.115,-0.19819,-5.5954
1.1262,-0.18349,-5.1247
1.2195,-0.304215,-4.5184
1.3792,-0.41449,-4.1509
1.5271,-0.421335,-7.169
1.6437,-0.398135,-9.9259
1.7253,-0.364875,-10.097
1.77,-0.32361,-9.517
1.7772,-0.27594,-8.6855
1.767,-0.25179,-7.6539
1.7202,-0.19719,-6.4622
1.6392,-0.14058,-5.8584
1.5261,-0.081885,-4.4934
1.3024,0.09545,-3.0782
1.1216,0.0668,-1.6108
0.9229,0.119875,2.8226
0.709,0.17172,2.1063
0.4839,0.220045,3.4332
0.2527,0.262655,4.7293
0.1364,0.13073,5.9375
-0.0934,0.31275,7.0027
-0.3206,0.34345,3.7046
-0.5233,0.342005,8.2551
-0.6045,0.196235,9.0226
-0.5961,0.078495,8.9865
-0.5478,0.01938,5.3422
-0.4848,-0.00918,2.3987
-0.4486,0.02023,0.9208
-0.3683,-0.049145,0.2068
-0.2772,-0.07685,0.9421
-0.2282,-0.02947,-0.7923
-0.1255,-0.114685,-1.4849
0.0386,-0.21912,-2.4308
0.1507,-0.168335,-2.4308
0.2061,-0.102935,-5.0417
0.3144,-0.18795,-3.772
0.42,-0.20028,-2.137
0.5198,-0.20771,-4.2624
0.5667,-0.145975,-4.5707
0.6529,-0.209995,-4.7564
0.7292,-0.20857,-3.213
0.763,-0.15839,-4.8135
0.8203,-0.197535,-4.7779
0.864,-0.18641,-3.5234
0.8803,-0.153235,-4.502
0.9009,-0.161915,-4.2239
0.9056,-0.14195,-3.3945
0.9054,-0.13555,-3.6115
0.9588,-0.21324,-3.1124
1.0743,-0.311295,-2.9524
1.1532,-0.27555,-4.8947
1.2937,-0.376705,-7.346
1.4102,-0.36298,-6.4524
1.4582,-0.28113,-8.9813
1.5316,-0.32516,-8.6382
1.5571,-0.266715,-6.5919
1.5844,-0.27315,-7.6927
1.5806,-0.23215,-6.2315
1.5458,-0.18663,-6.3924
1.5169,-0.189965,-5.3674
1.4378,-0.11284,-4.2294
1.3879,-0.143315,-4.3128
1.1257,0.172005,-2.3847
0.9583,0.073875,-3.1465
0.6815,0.257615,4.7365
0.4851,0.182555,2.2832
0.2861,0.215785,6.8767
0.0878,0.24462,5.0002
-0.01,0.12864,5.831
-0.2002,0.27729,6.5518
-0.3638,0.26725,3.6523
-0.42,0.13606,7.3686
-0.4421,0.095045,7.1176
-0.4493,0.076755,3.8378
-0.4477,0.065075,2.8125
-0.4344,0.04787,2.3552
-0.4079,0.026735,2.0632
-0.3685,0.004055,1.6331
-0.3172,-0.01911,1.1047
-0.2549,-0.042755,0.5377
-0.2201,-0.012225,-0.0414
-0.104,-0.13533,-0.6325
-0.0109,-0.119395,0.1307
0.0966,-0.15424,-2.9469
0.3002,-0.30971,-2.5485
0.5036,-0.33996,-3.4197
0.7003,-0.360755,-7.3064
0.8845,-0.372135,-8.0627
1.0516,-0.37497,-8.5825
1.1973,-0.369005,-8.867
1.3183,-0.355045,-8.9379
1.4119,-0.333465,-8.7888
1.4757,-0.304295,-8.4398
1.5396,-0.31401,-7.9003
1.6044,-0.3249,-7.171
1.636,-0.28648,-7.4139
1.6331,-0.241195,-7.6862
1.5956,-0.19059,-6.7257
1.5251,-0.137115,-5.5935
1.4235,-0.081445,-4.3284
1.2934,-0.02488,-2.9915
1.1377,0.031755,-1.5998
0.9835,0.052935,-0.1857
0.8615,0.029375,1.2302
0.7351,0.054055,1.7597
0.5957,0.091865,1.1707
0.446,0.12771,1.7877
0.289,0.16075,2.733
0.2091,0.072505,3.6291
0.0488,0.20107,4.4551
-0.1119,0.225695,2.249
-0.1911,0.131625,5.4631
-0.3439,0.250225,6.0787
-0.4176,0.15845,3.727
-0.556,0.26332,6.692
-0.6825,0.266825,4.3976
-0.7935,0.263325,7.0193
-0.842,0.18935,7.107
-0.9235,0.244475,7.0195
-0.9845,0.226975,5.1701
-1.0026,0.17392,6.5482
-0.9707,0.104135,6.1107
-0.9401,0.101235,4.7843
-0.863,0.02922,3.0397
-0.7652,-0.01236,2.9672
-0.6487,-0.054145,1.1668
-0.5842,0.00378,0.1273
-0.4451,-0.114065,-0.9173
-0.3705,-0.041405,0.5308
-0.2146,-0.17048,-2.4153
-0.0497,-0.206915,-0.5988
0.1277,-0.249775,-3.8257
0.2339,-0.173145,-4.7365
0.467,-0.37308,-5.808
0.7044,-0.41428,-3.8923
0.8193,-0.272265,-8.8907
1.0365,-0.437835,-9.9207
1.1388,-0.30381,-6.3703
1.3262,-0.44255,-10.5095
1.4907,-0.437455,-7.1589
1.6274,-0.42182,-10.6274
1.6837,-0.325745,-10.5
1.7708,-0.37885,-10.1092
1.8016,-0.31028,-7.7073
1.8365,-0.320845,-9.0349
1.8361,-0.274895,-7.3207
1.8227,-0.255985,-7.5848
1.7703,-0.197425,-6.436
1.6844,-0.14099,-5.9633
1.6294,-0.17291,-4.4993
1.498,-0.05388,-3.0884
1.3384,0.00672,-3.8864
1.2506,-0.07345,-0.9107
1.0797,0.060215,0.6043
0.9189,0.071205,-1.3999
0.7423,0.118235,1.9417
0.6491,0.023795,2.2165
0.4561,0.182485,3.3922
0.2538,0.22492,1.0312
0.0476,0.26092,4.9985
-0.0551,0.141775,6.0593
-0.2564,0.30015,6.9593
-0.3551,0.181575,3.9807
-0.5439,0.327025,7.9401
-0.7217,0.339395,4.9757
-0.8203,0.251225,8.612
-0.9009,0.239915,8.9212
-0.9741,0.241275,6.717
-1.0254,0.2205,6.4342
-1.0533,0.194265,6.4682
-1.0581,0.164955,5.9488
-1.0495,0.146245,5.293
-1.0166,0.10972,4.5602
-0.9598,0.07013,4.0925
-0.88,0.02826,3.1793
-0.7788,-0.01474,2.1896
-0.5912,-0.1552,1.1428
-0.4453,-0.122875,0.0678
-0.2887,-0.160275,-3.4437
-0.1247,-0.194495,-2.6355
0.0438,-0.22562,-3.5705
0.1285,-0.129385,-4.426
0.2961,-0.262295,-5.2042
0.4616,-0.28439,-2.7983
0.5422,-0.18611,-6.121
0.6203,-0.194575,-6.6734
0.7703,-0.310545,-4.2164
0.9102,-0.3184,-4.428
1.0351,-0.317635,-7.3273
1.1575,-0.332745,-7.5237
1.2108,-0.25091,-7.5045
1.3915,-0.443635,-7.8823
1.44,-0.27905,-5.8364
1.5131,-0.321995,-10.6545
1.5559,-0.289025,-6.5399
1.5657,-0.247595,-7.6135
1.5617,-0.229055,-6.7893
1.5268,-0.18365,-5.7535
1.498,-0.18726,-5.29
1.4192,-0.11044,-4.1549
1.3126,-0.05831,-4.2452
1.2493,-0.105105,-2.3247
1.1055,0.021115,-1.0214
1.0265,-0.051275,-2.1913
0.8068,0.16459,0.9642
0.7318,-0.01227,-0.8455
0.5756,0.11672,4.5511
0.3222,0.28109,0.1296
0.2339,0.079705,3.3543
0.0592,0.21823,7.4636
-0.1149,0.243565,2.429
-0.2846,0.2633,5.8921
-0.4452,0.27556,6.5255
-0.593,0.28109,7.0188
-0.7245,0.279625,7.3253
-0.8368,0.27151,7.4636
-0.9273,0.256745,7.427
-0.9937,0.235375,7.2241
-1.0345,0.208215,6.855
-1.0486,0.17562,6.3207
-1.0357,0.138585,5.6417
-0.9959,0.097645,4.8268
-0.9188,0.03759,3.901
-0.7975,-0.038065,2.8775
-0.65,-0.09425,1.3761
-0.4842,-0.14291,-0.5153
-0.3043,-0.188225,-1.9199
-0.1144,-0.22971,-3.1364
0.0811,-0.266315,-4.2693
0.2775,-0.296945,-5.3064
0.4704,-0.32133,-6.2215
0.655,-0.33823,-6.9873
0.8268,-0.34736,-7.5969
0.9818,-0.34877,-8.0194
1.1165,-0.342585,-8.2477
1.2278,-0.32886,-8.2829
1.3131,-0.307855,-8.1283
1.3704,-0.28005,-7.7852
1.4001,-0.248625,-7.26
1.4331,-0.257865,-6.5649
1.4836,-0.28819,-5.7793
1.5051,-0.253715,-6.0103
1.4944,-0.21025,-6.7684
1.4515,-0.161955,-5.9065
1.3776,-0.11057,-4.8199
1.3295,-0.136895,-3.6125
1.1454,0.06752,-2.3279
1.071,-0.06393,-2.986
0.909,0.07425,2.1243
0.821,-0.00875,-1.1619
0.6292,0.15496,2.2926
0.4043,0.231725,0.2176
0.1697,0.279525,4.3103
0.0515,0.145935,6.2295
-0.1824,0.33143,7.4245
-0.4132,0.36202,4.0847
-0.6345,0.382865,8.7221
-0.8399,0.393005,9.4868
-0.9348,0.26359,10.008
-1.1063,0.388895,10.2615
-1.2538,0.37982,7.0261
-1.3727,0.360475,10.1587
-1.459,0.33104,9.9318
-1.4892,0.26264,9.4482
-1.5233,0.272825,8.7123
-1.52,0.22371,7.0023
-1.4488,0.12476,7.257
-1.3227,0.034475,6.0291
-1.1636,-0.03229,3.5553
-0.9765,-0.096755,1.2982
-0.7659,-0.158895,-0.3709
-0.5366,-0.2176,-1.9825
-0.294,-0.27128,-3.536
-0.0436,-0.31898,-5.0037
0.209,-0.35973,-6.3457
0.458,-0.3924,-7.5382
0.698,-0.4167,-8.5569
0.9232,-0.43124,-9.3737
1.0285,-0.291165,-9.9812
1.2214,-0.43398,-10.3447
1.3916,-0.43,-6.8428
1.4666,-0.31749,-10.4132
1.5934,-0.40385,-10.3137
1.726,-0.43128,-7.5009
1.7536,-0.29892,-9.6599
1.7803,-0.301755,-10.3457
1.771,-0.25356,-7.0367
1.7261,-0.200545,-7.1075
1.6468,-0.14393,-5.9027
1.4297,0.067775,-3.1619
1.2338,0.0696,-3.1619
1.0775,0.041565,2.1307
0.9046,0.08908,2.1763
0.7173,0.135895,1.4755
0.5191,0.179795,2.6633
0.4174,0.0696,3.8337
0.1091,0.384425,4.9312
0.0057,0.133565,2.1763
-0.1937,0.288275,10.047
-0.3857,0.307455,3.7755
-0.4777,0.191255,7.6432
-0.6502,0.32178,8.1227
-0.7308,0.2144,5.2177
-0.8768,0.32132,8.4808
-1.0582,0.39455,5.7963
-1.1495,0.291115,8.4693
-1.1842,0.22274,10.3001
-1.2319,0.246795,7.7142
-1.2499,0.210885,6.0048
-1.2249,0.151235,6.6062
-1.1697,0.103695,5.7085
-1.0859,0.053945,4.2172
-0.9697,-0.005605,3.0287
-0.8083,-0.088575,1.785
-0.6076,-0.16977,0.2962
-0.274,-0.39258,-1.778
-0.0382,-0.30081,-3.8079
0.3139,-0.504815,-9.3782
0.5407,-0.375945,-7.0839
0.7529,-0.388795,-12.184
1.0349,-0.521835,-8.9623
1.1941,-0.386075,-9.2835
1.3734,-0.4391,-12.6095
1.4498,-0.31679,-9.2155
1.4889,-0.274165,-10.5412
1.4783,-0.207965,-7.4834
1.4256,-0.14533,-6.4178
1.3381,-0.086965,-4.7628
1.2182,-0.02686,-3.1969
1.0692,0.03332,-1.7378
0.8966,0.08989,-0.2352
0.7216,0.11926,1.2693
0.5521,0.137535,2.6836
0.3775,0.170355,3.4178
0.1954,0.20742,3.8747
0.0098,0.23981,4.6952
-0.1748,0.2662,5.6218
-0.3538,0.28577,6.4316
-0.5231,0.298555,7.0913
-0.6786,0.30394,7.5806
-0.8165,0.301745,7.9002
-0.9334,0.29198,8.0348
-1.0633,0.328365,7.98
-1.1162,0.2362,7.7358
-1.1378,0.19875,8.6455
-1.1127,0.134275,6.3413
-1.0571,0.086285,5.4051
-0.9725,0.035895,3.7932
-0.7958,-0.11034,2.5935
-0.6478,-0.09523,1.3337
-0.4807,-0.145125,-2.3222
-0.1714,-0.37638,-1.9444
0.0672,-0.32026,-3.1918
0.307,-0.35779,-8.9732
0.5412,-0.38564,-7.5702
0.7651,-0.405835,-8.5084
0.9733,-0.416655,-9.2047
1.1607,-0.417725,-9.7095
1.3231,-0.409585,-9.98
1.4567,-0.392185,-10.0068
1.5966,-0.42136,-9.8033
1.6258,-0.28183,-9.3683
1.6559,-0.287515,-10.0977
1.6501,-0.239975,-6.6094
1.609,-0.18792,-6.7515
1.5336,-0.13202,-5.563
1.4262,-0.07431,-4.2617
1.2894,-0.01557,-2.8642
1.1265,0.042795,-1.4214
0.9404,0.10087,0.0471
0.7358,0.15561,1.5062
0.4043,0.370305,2.9581
0.2895,0.105815,4.3266
-0.0491,0.447545,9.694
-0.2593,0.312155,3.0817
-0.4127,0.261325,11.625
-0.4747,0.151805,8.2402
-0.587,0.23404,6.9695
-0.7275,0.291775,4.2315
-0.7995,0.213525,6.2873
-0.8494,0.19228,7.7307
-0.8763,0.166415,5.7745
-0.8803,0.137245,5.2433
-0.8612,0.10435,4.5967
-0.8194,0.06857,3.8675
-0.7159,-0.027165,3.0451
-0.671,0.04228,2.1506
-0.5121,-0.129755,-0.2428
-0.3176,-0.20521,1.4933
-0.1731,-0.161885,-2.8075
-0.0239,-0.190375,-4.6939
0.1276,-0.21609,-3.6108
0.2792,-0.23896,-4.323
0.439,-0.27359,-4.9659
0.6073,-0.309885,-5.5377
0.6895,-0.210285,-6.4034
0.9136,-0.42837,-7.3108
1.0434,-0.32525,-4.8208
1.1003,-0.239015,-10.2729
1.1969,-0.305115,-7.6949
1.2992,-0.32787,-5.539
1.3361,-0.248385,-7.1915
1.3444,-0.21245,-7.7604
1.3243,-0.172515,-5.7733
1.2766,-0.12948,-4.8749
1.2023,-0.083755,-3.8765
1.1028,-0.03607,-2.8007
0.9804,0.01206,-1.6575
0.838,0.05942,-0.4654
0.6788,0.10514,0.7378
0.5095,0.143665,1.9218
0.3675,0.129475,3.0648
0.2453,0.122065,4.028
0.1333,0.125605,3.6732
0.0212,0.14255,3.488
-0.0891,0.156755,3.5765
-0.1949,0.166775,4.0001
-0.294,0.17293,4.3552
-0.384,0.1746,4.6057
-0.4628,0.17186,4.7596
-0.5561,0.204705,4.8013
-0.5996,0.14649,4.7328
-0.6255,0.127495,5.554
-0.6308,0.10151,4.0986
-0.6119,0.067215,3.6237
-0.5752,0.03857,2.9741
-0.5216,0.00856,2.1167
-0.4121,-0.080535,1.4006
-0.3215,-0.069555,0.6503
-0.2205,-0.098225,-1.577
-0.1113,-0.125265,-1.3025
0.0041,-0.150635,-2.0193
0.1829,-0.259875,-2.6953
0.3024,-0.20071,-3.3295
0.4228,-0.21994,-6.0605
0.5713,-0.278745,-4.5814
0.8551,-0.497205,-5.0622
1.0363,-0.391005,-6.5323
1.1942,-0.3844,-11.9938
1.3253,-0.369225,-9.3388
1.4273,-0.346695,-9.1737
1.4978,-0.31632,-8.7943
1.5352,-0.2789,-8.231
1.5386,-0.23521,-7.4717
1.5082,-0.18671,-6.5362
1.445,-0.13459,-5.4439
1.3509,-0.080305,-4.2314
1.2282,-0.02472,-2.9284
1.0792,0.03182,-1.5713
0.9279,0.057505,-0.1817
0.7913,0.058885,1.2318
0.6445,0.094165,1.874
0.4024,0.25437,1.9085
0.2307,0.188605,2.7905
0.1442,0.09082,6.7956
-0.028,0.22806,5.1515
-0.1995,0.252875,2.7068
-0.3655,0.270625,6.1378
-0.5945,0.386875,6.7582
-0.7287,0.283765,7.202
-0.7881,0.195435,10.1082
-0.8909,0.267275,7.5305
-0.9729,0.252535,5.3222
-0.9982,0.18262,7.1182
-0.9201,0.036485,6.7497
-0.8075,-0.025255,5.0018
-0.6733,-0.073465,1.3485
-0.5213,-0.119405,-0.195
-0.355,-0.16294,-1.4003
-0.1781,-0.203255,-2.5488
0.0052,-0.23907,-3.6372
0.2837,-0.404605,-4.645
0.466,-0.30689,-5.5404
0.6375,-0.318575,-9.6788
0.7947,-0.323565,-7.2359
0.9353,-0.323075,-7.528
1.1079,-0.390565,-7.6528
1.1937,-0.290595,-7.6405
1.2514,-0.26272,-9.3278
1.2694,-0.21381,-6.8285
1.2813,-0.207665,-6.1317
1.2541,-0.152755,-4.9089
1.1992,-0.10851,-4.7553
1.1177,-0.061705,-3.3825
1.0116,-0.01381,-2.2764
0.8834,0.03415,-1.1063
0.7371,0.079625,0.0911
0.6309,0.043425,1.2901
0.5108,0.07951,2.427
0.4361,0.031695,1.522
0.354,0.05363,2.4241
0.2656,0.07508,1.2287
0.1727,0.094865,1.7771
0.0773,0.112425,2.3133
-0.0183,0.127025,2.808
-0.1119,0.138465,3.247
-0.2011,0.146125,3.612
-0.284,0.15037,3.898
-0.3019,0.068555,4.0895
-0.2254,-0.06564,4.1956
-0.1358,-0.09611,2.1502
-0.0401,-0.118395,-1.2047
0.0586,-0.1371,-1.9664
0.1582,-0.15321,-2.5235
0.2076,-0.09536,-2.9912
0.304,-0.17092,-3.3939
0.3512,-0.11404,-1.9477
0.441,-0.18289,-3.8367
0.5251,-0.188095,-2.4147
0.5643,-0.135605,-4.1359
0.6353,-0.187595,-4.266
0.6965,-0.184035,-2.9538
0.7228,-0.14261,-4.2535
0.7658,-0.17077,-4.1645
0.8539,-0.242615,-3.1289
0.9387,-0.251045,-3.8329
1.1201,-0.403835,-5.629
1.2823,-0.403205,-5.8398
1.4195,-0.391285,-9.6595
1.5272,-0.36909,-9.6438
1.5691,-0.289835,-9.3458
1.628,-0.32077,-8.7909
1.6544,-0.28248,-6.8095
1.6471,-0.237575,-7.5829
1.6063,-0.187905,-6.6257
1.5573,-0.169895,-5.503
1.53,-0.19401,-3.811
1.5127,-0.204415,-3.811
1.4571,-0.146285,-4.4139
1.374,-0.09807,-4.674
1.2651,-0.048195,-3.2208
1.1322,0.00294,-2.0154
0.8938,0.17585,-0.7685
0.7129,0.128235,0.5098
0.5222,0.16958,4.8326
0.3255,0.206885,3.6422
0.1261,0.240305,4.6758
-0.1688,0.40869,5.6085
-0.357,0.29821,6.444
-0.5301,0.304545,10.6536
-0.6629,0.272075,7.8916
-0.5891,-0.007575,8.05
-0.4565,-0.103905,7.2382
-0.3069,-0.148445,0.247
-0.1461,-0.187125,-2.1613
0.1935,-0.470505,-3.2748
0.5374,-0.52768,-4.2418
0.6194,-0.19951,-11.3263
0.7709,-0.312585,-12.7557
0.9085,-0.315155,-4.5514
1.1194,-0.44208,-7.3783
1.2134,-0.30421,-7.4425
1.3914,-0.44011,-10.6157
1.6075,-0.522055,-7.1689
1.7124,-0.39323,-10.5664
1.7788,-0.35314,-12.615
1.7973,-0.293645,-9.3944
1.806,-0.28221,-8.3922
1.7779,-0.230155,-6.9048
1.7138,-0.17374,-6.6189
1.7034,-0.24199,-5.3175
1.7621,-0.340625,-3.9072
1.8054,-0.3271,-5.6134
1.8135,-0.282555,-8.0793
1.7857,-0.231715,-7.7412
1.7234,-0.17752,-6.6275
1.5692,-0.03492,-5.3565
1.429,-0.03209,-4.0017
1.2648,0.02374,-0.4367
0.9793,0.224255,-0.3659
0.766,0.16239,1.0298
0.4304,0.37172,6.0427
0.2022,0.26633,4.4961
-0.0211,0.293455,9.7293
-0.236,0.31477,7.0946
-0.4384,0.32888,7.7727
-0.5168,0.17944,8.3056
-0.5542,0.13175,8.6583
-0.5263,0.042675,4.9223
-0.4816,0.01413,3.7301
-0.4535,0.031495,1.5032
-0.3879,-0.027095,0.7896
-0.3502,0.00352,1.2237
-0.2668,-0.0684,-0.241
-0.1729,-0.096135,0.5243
-0.1226,-0.047,-1.2737
-0.0178,-0.13357,-1.967
0.0928,-0.1577,-0.7387
0.1494,-0.09599,-2.9029
0.2627,-0.186695,-3.5062
0.3194,-0.12162,-1.9634
0.4302,-0.20857,-4.231
0.5376,-0.22026,-2.6042
0.5917,-0.159085,-4.7779
0.736,-0.29799,-5.0702
0.8216,-0.23452,-3.5408
0.9815,-0.355095,-7.0134
1.0558,-0.25496,-5.4267
1.189,-0.35151,-8.441
1.302,-0.3422,-5.9377
1.3912,-0.32464,-8.3514
1.4259,-0.258995,-8.1187
1.4745,-0.284355,-7.6797
1.4885,-0.241475,-6.0385
1.495,-0.2327,-6.6725
1.5184,-0.25818,-5.6005
1.5505,-0.274305,-5.3812
1.6148,-0.32581,-6.0182
1.6503,-0.293695,-6.4213
1.656,-0.25581,-7.7089
1.6433,-0.229985,-6.906
1.5991,-0.182405,-5.9589
1.5655,-0.191145,-5.3133
1.4772,-0.10679,-4.1238
1.3612,-0.05338,-4.3423
1.22,0.00056,-2.2334
1.1407,-0.068015,-0.8982
0.8747,0.214595,0.4503
0.777,0.01046,-1.264
0.5763,0.174465,5.8012
0.2576,0.37567,0.6978
0.1483,0.119845,4.798
-0.1695,0.438565,9.8281
-0.272,0.17405,3.4325
-0.4647,0.320215,11.4005
-0.644,0.32969,4.7876
-0.8036,0.32802,8.4417
-0.9023,0.263655,8.6786
-0.927,0.17116,8.6368
-0.912,0.1173,7.0277
-0.8698,0.07561,4.7153
-0.8034,0.03419,3.3688
-0.7145,-0.008395,2.3266
-0.6052,-0.05131,1.2911
-0.4779,-0.093805,0.2265
-0.3356,-0.13465,-0.8464
-0.1818,-0.17267,-1.9088
-0.0199,-0.207485,-2.9299
0.1463,-0.238005,-3.8804
0.3127,-0.263225,-4.7508
0.4946,-0.31066,-5.5138
0.7004,-0.3726,-6.1443
1.0303,-0.583415,-7.3302
1.1321,-0.302155,-8.8787
1.3151,-0.435165,-14.149
1.5422,-0.52656,-7.1175
1.6039,-0.320795,-10.4428
1.7001,-0.380075,-12.7277
1.762,-0.34477,-7.5835
1.7879,-0.301855,-9.0655
1.7591,-0.226425,-8.1829
1.731,-0.22312,-7.11
1.5971,-0.065495,-5.2243
1.5362,-0.15126,-5.1417
1.3947,-0.025255,-1.201
1.2269,0.034105,-3.3452
1.0362,0.09248,-0.195
0.8267,0.148345,1.289
0.6028,0.20065,2.7483
0.2508,0.41998,4.145
0.012,0.30864,5.4526
-0.1054,0.16843,10.9358
-0.3337,0.346845,8.1523
-0.5515,0.365865,4.6471
-0.6222,0.18524,9.1075
-0.7592,0.29198,9.583
-0.8185,0.199865,5.0673
-0.9214,0.27198,7.7358
-0.9654,0.20201,5.433
-1.0624,0.28546,7.2358
-1.0828,0.18894,5.4866
-1.0965,0.182285,7.5728
-1.1055,0.177525,5.1598
-1.0896,0.14277,4.9935
-1.0723,0.138355,4.8745
-1.0192,0.08385,4.0056
-0.9419,0.040795,3.8952
-0.8417,-0.004005,2.5326
-0.7838,0.0423,1.4562
-0.6545,-0.069915,0.3362
-0.5073,-0.115265,1.4938
-0.4281,-0.038745,-1.3115
-0.2618,-0.17692,-2.4453
-0.1748,-0.08688,-0.5323
0.0031,-0.231735,-3.9867
0.1861,-0.265815,-1.7357
0.3693,-0.293555,-5.357
0.4593,-0.185895,-6.209
0.633,-0.32076,-6.9025
0.7169,-0.216605,-4.211
0.8744,-0.33591,-7.5827
1.0185,-0.340105,-4.9788
1.0842,-0.24804,-7.9614
1.1997,-0.330105,-8.0663
1.2497,-0.252455,-5.7647
1.3315,-0.306065,-7.8163
1.3893,-0.283535,-5.875
1.4086,-0.23638,-7.2153
1.427,-0.23797,-6.652
1.4186,-0.20187,-5.4732
1.4043,-0.192055,-5.5129
1.3559,-0.140465,-4.6104
1.3247,-0.158145,-4.365
1.4391,-0.364585,-3.0753
1.2411,0.071235,-3.5173
1.192,-0.11497,-8.6783
1.0742,-0.00799,2.2172
0.9938,-0.04455,-2.4379
0.9003,-0.013495,0.2366
0.7923,0.021555,-0.6774
0.6074,0.14926,0.099
0.472,0.10522,0.9752
0.3326,0.13133,4.1678
0.1915,0.154705,3.0668
0.051,0.175,3.7196
-0.0859,0.190855,4.304
-0.2782,0.29172,4.8113
-0.394,0.20964,5.2077
-0.4944,0.20468,7.7293
-0.5777,0.194945,5.6773
-0.6128,0.13755,5.5533
-0.705,0.22561,5.31
-0.7224,0.13098,3.8751
-0.7175,0.101255,6.0766
-0.6923,0.071085,3.7108
-0.647,0.03816,2.9677
-0.5827,0.003815,2.2135
-0.5009,-0.031205,1.3903
-0.3491,-0.144975,0.5317
-0.2314,-0.1183,-0.3438
-0.0409,-0.241515,-3.188
0.0918,-0.18628,-2.5212
0.2876,-0.29768,-5.6015
0.4722,-0.31081,-4.2207
0.5293,-0.153625,-7.0057
0.6784,-0.29559,-7.3339
0.7958,-0.27199,-3.4043
0.8529,-0.202165,-6.9534
0.8994,-0.19536,-6.3634
0.9037,-0.141145,-4.6178
0.8979,-0.127145,-4.4477
0.8506,-0.0661,-3.0923
0.7945,-0.046245,-2.7423
0.6775,0.050475,-1.2162
0.5253,0.119065,-0.7198
0.4088,0.09013,1.6982
0.2856,0.11732,3.413
0.1579,0.142325,2.6896
0.0283,0.164235,3.3693
-0.1001,0.181935,3.9945
-0.2244,0.19525,4.5422
-0.3416,0.2036,4.9847
-0.4489,0.206825,5.3176
-0.5858,0.26584,5.5263
-0.6579,0.192415,5.607
-0.7107,0.175245,7.0823
-0.7435,0.154165,5.2467
-0.756,0.12965,4.8175
-0.7479,0.101655,4.2905
-0.7194,0.07086,3.6776
-0.6976,0.0763,2.9777
-0.6045,-0.030355,2.2078
-0.5643,0.032385,2.3438
-0.4732,-0.04745,-0.3225
-0.3675,-0.082285,1.246
-0.2494,-0.11612,-0.7499
-0.1221,-0.147175,-1.6208
0.0117,-0.175695,-2.4667
0.1486,-0.20026,-3.243
0.2855,-0.220795,-3.956
0.484,-0.33065,-4.5702
0.6076,-0.25182,-5.0835
0.7181,-0.251365,-7.8299
0.8553,-0.306655,-5.8592
0.9252,-0.22965,-5.8478
0.99,-0.23274,-7.23
1.0049,-0.170105,-5.3049
0.9965,-0.138555,-5.3822
0.9654,-0.10438,-3.8163
0.8785,-0.018805,-3.0275
0.795,-0.0107,-2.1732
0.638,0.1084,-0.0338
0.5152,0.08236,0.1688
0.3843,0.112525,3.1463
0.2766,0.09852,2.4953
0.3169,-0.099925,3.2495
-0.7007,-1,2.8993
-0.2973,-0.479825,-2.0618
-0.3783,0.162045,-24.5637
-0.4519,0.163465,-11.5593
-0.6752,0.39157,4.4875
-0.895,0.41999,4.523
-1.0295,0.329275,10.2256
-1.195,0.3944,10.9361
-1.2765,0.297425,8.6682
-1.3457,0.291815,10.2963
-1.3535,0.213165,7.872
-1.3297,0.168515,7.7317
-1.2358,0.0633,5.7655
-1.1354,0.03979,4.6492
-1.008,-0.01442,2.0188
-0.8562,-0.06891,1.4311
-0.6831,-0.122565,0.0758
-0.4927,-0.173615,-1.2864
-0.1815,-0.377335,-2.6278
0.0305,-0.280175,-3.904
0.255,-0.3301,-8.997
0.4675,-0.346375,-6.568
0.7595,-0.493525,-7.8162
0.9343,-0.367385,-8.223
1.0852,-0.35895,-11.9018
1.2097,-0.343305,-8.7483
1.32,-0.34139,-8.5374
1.4306,-0.35837,-8.1463
1.5494,-0.38685,-8.0984
1.6387,-0.361895,-8.5229
1.702,-0.33759,-9.2349
1.7035,-0.257475,-8.611
1.6494,-0.17708,-8.0034
1.5663,-0.126915,-6.0005
1.4493,-0.065295,-3.9907
1.2168,0.11973,-2.7365
1.0282,0.09095,-1.196
0.8201,0.147515,3.4296
0.5971,0.200335,2.7101
0.3639,0.248575,4.1242
0.0062,0.46408,5.4447
-0.1126,0.17133,6.6507
-0.4454,0.49945,12.0383
-0.6028,0.29504,4.7196
-0.6964,0.22614,12.9226
-0.7646,0.20335,7.8123
-0.8107,0.181535,6.0898
-0.8375,0.160465,5.5201
-0.8348,0.12171,4.9747
-0.8119,0.092015,4.448
-0.7354,0.01086,3.4791
-0.6572,-0.00308,2.7367
-0.5602,-0.04207,0.7078
-0.3838,-0.17175,0.3593
-0.2487,-0.138325,-0.6154
-0.1777,-0.065645,-3.8574
-0.0311,-0.185915,-3.0218
0.122,-0.21733,-1.2048
0.2775,-0.243775,-4.2115
0.4312,-0.26449,-4.9969
0.6156,-0.33206,-5.658
0.8677,-0.457885,-6.1759
1.1143,-0.487725,-7.8652
1.3394,-0.49354,-11.0108
1.5372,-0.48772,-11.7568
1.7027,-0.470555,-11.9022
1.8321,-0.443035,-11.7567
1.9222,-0.40546,-11.3275
2.0532,-0.47828,-10.6395
2.3071,-0.676135,-9.7002
2.433,-0.52862,-11.5207
2.5068,-0.47196,-16.467
2.5272,-0.4056,-12.7792
2.4598,-0.28135,-11.3627
2.4119,-0.299515,-9.7037
2.2009,-0.055835,-6.5974
2.0064,-0.04811,-7.0515
1.7764,0.03254,-0.9595
1.5165,0.110395,-0.7664
1.2009,0.230145,1.2498
1.1579,-0.117785,3.1962
1.0644,-0.03811,6.19
0.9545,-0.000305,-2.5083
0.7598,0.13914,-0.5164
0.6138,0.09773,0.4287
0.461,0.12949,3.9148
0.3045,0.157775,2.8796
0.4402,-0.24244,3.6736
0.6244,-