cte,steer,angle
0.7598,-0.41789,0
0.7598,-0.03799,0
0.7598,-0.03799,-10.0109
0.7598,-0.03799,-0.5134
0.7598,-0.03799,-0.5134
0.7598,-0.03799,-0.5134
0.7598,-0.03799,-0.5134
0.7598,-0.03799,-0.5134
0.7599,-0.038045,-0.5134
0.7598,-0.03794,-0.5134
0.7597,-0.037935,-0.5148
0.7596,-0.03793,-0.5122
0.7595,-0.037925,-0.512
0.7594,-0.03792,-0.5119
0.7593,-0.037915,-0.5118
0.7591,-0.037855,-0.5117
0.7589,-0.037845,-0.5115
0.7587,-0.037835,-0.51
0.7585,-0.037825,-0.5098
0.7584,-0.03787,-0.5095
0.7581,-0.037755,-0.5093
0.7578,-0.03774,-0.5104
0.7575,-0.037725,-0.5075
0.7572,-0.03771,-0.5072
0.7569,-0.037695,-0.5068
0.7565,-0.037625,-0.5064
0.7561,-0.037605,-0.506
0.7558,-0.03764,-0.5043
0.7553,-0.037515,-0.5038
0.7549,-0.037545,-0.5047
0.7544,-0.03747,-0.5015
0.7539,-0.037445,-0.5023
0.7534,-0.03742,-0.5004
0.7528,-0.03734,-0.4998
0.7522,-0.03731,-0.4992
0.7516,-0.03728,-0.4972
0.7509,-0.037195,-0.4964
0.7505,-0.037325,-0.4957
0.7497,-0.037085,-0.4935
0.7489,-0.037045,-0.4968
0.748,-0.03695,-0.4908
0.7471,-0.036905,-0.4898
0.7461,-0.036805,-0.4874
0.7433,-0.035765,-0.4863
0.7421,-0.036505,-0.4838
0.7408,-0.03639,-0.4578
0.7395,-0.036325,-0.4763
0.7381,-0.036205,-0.4734
0.7367,-0.036135,-0.4718
0.7352,-0.03601,-0.4688
0.7336,-0.03588,-0.467
0.732,-0.0358,-0.4639
0.7303,-0.035665,-0.4607
0.7285,-0.035525,-0.4587
0.7267,-0.035435,-0.4553
0.7248,-0.03529,-0.4518
0.7228,-0.03514,-0.4495
0.7045,-0.026075,-0.4459
0.7005,-0.033025,-0.4422
0.6925,-0.030625,-0.2155
0.6896,-0.03303,-0.3893
0.6873,-0.033215,-0.3293
0.6861,-0.033705,-0.3894
0.6863,-0.034415,-0.394
0.6886,-0.03558,-0.4063
0.6939,-0.037345,-0.424
0.69,-0.03255,-0.4532
0.6891,-0.034005,-0.4973
0.6895,-0.034675,-0.3774
0.6909,-0.035245,-0.4138
0.6931,-0.035755,-0.4305
0.696,-0.03625,-0.4448
0.6994,-0.03667,-0.4575
0.7031,-0.037005,-0.4699
0.7072,-0.03741,-0.4804
0.7092,-0.03646,-0.4888
0.7133,-0.037715,-0.4989
0.7174,-0.03792,-0.4752
0.7214,-0.03807,-0.5065
0.7254,-0.03827,-0.5117
0.7294,-0.03847,-0.5154
0.7333,-0.038615,-0.5204
0.7372,-0.03881,-0.5254
0.7411,-0.039005,-0.529
0.7468,-0.04019,-0.5339
0.7505,-0.039375,-0.5388
0.7542,-0.03956,-0.5684
0.7578,-0.03969,-0.548
0.7614,-0.03987,-0.5527
0.7648,-0.03994,-0.5559
0.7683,-0.040165,-0.5604
0.7699,-0.039295,-0.5622
0.7748,-0.04119,-0.5678
0.7796,-0.04138,-0.546
0.7811,-0.039805,-0.5934
0.7841,-0.040705,-0.5982
0.787,-0.0408,-0.5588
0.7924,-0.04232,-0.5813
0.795,-0.04105,-0.5837
0.7986,-0.04173,-0.6217
0.8009,-0.041195,-0.5899
0.803,-0.0412,-0.6069
0.804,-0.0407,-0.5935
0.8069,-0.041795,-0.5937
0.8078,-0.04084,-0.5812
0.8095,-0.041325,-0.6085
0.811,-0.0413,-0.5847
0.8124,-0.04132,-0.5968
0.8137,-0.041335,-0.5962
0.8149,-0.041345,-0.5967
0.8159,-0.041295,-0.597
0.8168,-0.04129,-0.5973
0.8176,-0.04128,-0.596
0.818,-0.0411,-0.5959
0.8181,-0.040955,-0.5957
0.8182,-0.04096,-0.5912
0.8182,-0.04091,-0.5875
0.8178,-0.04069,-0.5877
0.8173,-0.040615,-0.5864
0.8165,-0.040425,-0.5809
0.8162,-0.04066,-0.579
0.8151,-0.040205,-0.5743
0.8139,-0.040095,-0.5802
0.8118,-0.03954,-0.5688
0.8101,-0.039655,-0.566
0.8082,-0.03946,-0.5522
0.8072,-0.03986,-0.555
0.8051,-0.039205,-0.5502
0.8013,-0.038165,-0.5602
0.8,-0.03935,-0.5438
0.7958,-0.03769,-0.5178
0.7926,-0.03803,-0.5474
0.7893,-0.037815,-0.5059
0.7857,-0.037485,-0.5144
0.782,-0.03725,-0.509
0.778,-0.0369,-0.5008
0.7738,-0.03659,-0.4949
0.7671,-0.035005,-0.4862
0.7624,-0.03577,-0.4784
0.7575,-0.035425,-0.4388
0.7524,-0.03507,-0.4579
0.7471,-0.034705,-0.4493
0.7415,-0.034275,-0.4404
0.7358,-0.03394,-0.4313
0.7298,-0.03349,-0.4205
0.7236,-0.03308,-0.4122
0.7172,-0.03266,-0.4009
0.7106,-0.03223,-0.3907
0.7038,-0.03179,-0.3802
0.6969,-0.031395,-0.3694
0.6897,-0.030885,-0.3584
0.6823,-0.030415,-0.3485
0.6747,-0.029935,-0.3358
0.667,-0.0295,-0.324
0.6591,-0.029005,-0.312
0.6468,-0.02619,-0.3012
0.6384,-0.02772,-0.2888
0.6299,-0.027245,-0.2184
0.6213,-0.026765,-0.2567
0.6082,-0.02386,-0.2448
0.601,-0.02645,-0.2328
0.5956,-0.02708,-0.1602
0.5922,-0.02791,-0.2249
0.5903,-0.028565,-0.2407
0.5905,-0.029625,-0.2614
0.5941,-0.031505,-0.2778
0.6012,-0.03361,-0.3043
0.6059,-0.032645,-0.3513
0.6126,-0.03398,-0.4039
0.6147,-0.031785,-0.3798
0.6187,-0.032935,-0.4132
0.6226,-0.03308,-0.3583
0.628,-0.0341,-0.387
0.6313,-0.033215,-0.3907
0.6343,-0.033215,-0.4162
0.6372,-0.03331,-0.394
0.641,-0.03395,-0.394
0.6432,-0.03326,-0.3964
0.6453,-0.033315,-0.4124
0.647,-0.0332,-0.3952
0.6486,-0.03323,-0.3965
0.6504,-0.03342,-0.3937
0.6513,-0.033015,-0.3944
0.6519,-0.032895,-0.3992
0.6524,-0.03287,-0.389
0.6524,-0.03262,-0.386
0.6522,-0.03251,-0.3854
0.6517,-0.032335,-0.3792
0.6509,-0.032145,-0.3764
0.6499,-0.031995,-0.372
0.6479,-0.031395,-0.3673
0.6462,-0.03146,-0.3635
0.6443,-0.031265,-0.3485
0.6432,-0.03161,-0.3502
0.6397,-0.030235,-0.3453
0.637,-0.0305,-0.3539
0.6341,-0.030255,-0.3195
0.6309,-0.029945,-0.3262
0.6257,-0.028685,-0.32
0.6219,-0.029195,-0.3123
0.6179,-0.028895,-0.2808
0.6137,-0.028585,-0.2935
0.6069,-0.026945,-0.286
0.6021,-0.027705,-0.2783
0.5945,-0.025925,-0.2373
0.5864,-0.02527,-0.2563
0.5779,-0.024645,-0.2118
0.5721,-0.025705,-0.1954
0.566,-0.02525,-0.1798
0.5566,-0.02313,-0.2063
0.5501,-0.024255,-0.1949
0.5434,-0.02382,-0.1419
0.5366,-0.02343,-0.17
0.5297,-0.023035,-0.1592
0.5226,-0.02258,-0.1494
0.5117,-0.020135,-0.1395
0.5043,-0.021515,-0.1282
0.4968,-0.02109,-0.067
0.4891,-0.020605,-0.1015
0.4829,-0.021045,-0.0909
0.4794,-0.02222,-0.0788
0.4806,-0.02463,-0.0898
0.4842,-0.02601,-0.1192
0.4918,-0.02839,-0.1794
0.5017,-0.030035,-0.2139
0.5115,-0.030475,-0.2734
0.521,-0.0308,-0.3145
0.5302,-0.03111,-0.3255
0.5435,-0.033825,-0.3337
0.5521,-0.031905,-0.3414
0.5603,-0.032115,-0.4093
0.5682,-0.03236,-0.3613
0.5795,-0.034625,-0.3665
0.5866,-0.03288,-0.3727
0.5966,-0.03483,-0.4293
0.6029,-0.033295,-0.3857
0.6087,-0.033335,-0.4344
0.6142,-0.03346,-0.396
0.6194,-0.03357,-0.397
0.6264,-0.03482,-0.4002
0.6306,-0.03363,-0.4029
0.6344,-0.03362,-0.4342
0.6378,-0.03359,-0.4044
0.6422,-0.03431,-0.4042
0.6446,-0.03343,-0.4034
0.6467,-0.033385,-0.4214
0.6483,-0.033215,-0.3994
0.6495,-0.033075,-0.3983
0.6504,-0.03297,-0.394
0.6509,-0.032795,-0.3905
0.6509,-0.032545,-0.3879
0.6506,-0.03238,-0.3835
0.6498,-0.03209,-0.3773
0.6487,-0.031885,-0.3732
0.6463,-0.031115,-0.3659
0.6442,-0.03116,-0.3608
0.6418,-0.03089,-0.3415
0.6374,-0.02967,-0.3427
0.6341,-0.030055,-0.3359
0.6303,-0.029615,-0.3054
0.6263,-0.029315,-0.315
0.6219,-0.028895,-0.304
0.6171,-0.028455,-0.2965
0.612,-0.02805,-0.286
0.6066,-0.02763,-0.275
0.6021,-0.027855,-0.2649
0.6067,-0.032635,-0.2544
0.6149,-0.034845,-0.26
0.634,-0.04125,-0.3795
0.6477,-0.039235,-0.4348
0.6671,-0.043055,-0.5949
0.6794,-0.04012,-0.5445
0.691,-0.04035,-0.64
0.6966,-0.03763,-0.5667
0.7124,-0.04352,-0.5724
0.7223,-0.041065,-0.5044
0.7315,-0.041175,-0.6517
0.7401,-0.041305,-0.5903
0.7517,-0.043385,-0.593
0.7618,-0.04314,-0.5963
0.7704,-0.04282,-0.6483
0.7752,-0.04116,-0.6422
0.781,-0.04195,-0.6342
0.7852,-0.04136,-0.5927
0.7871,-0.040305,-0.6124
0.7887,-0.040235,-0.5977
0.7889,-0.039545,-0.5713
0.7883,-0.039115,-0.5695
0.7862,-0.03826,-0.5523
0.7826,-0.03733,-0.5415
0.7794,-0.03737,-0.5202
0.7733,-0.035615,-0.4969
0.7685,-0.036025,-0.4979
0.763,-0.0354,-0.454
0.7537,-0.033035,-0.4643
0.7468,-0.03389,-0.4487
0.7393,-0.033215,-0.3895
0.727,-0.0302,-0.4109
0.7181,-0.031455,-0.394
0.7088,-0.03079,-0.3187
0.6989,-0.029995,-0.35
0.6886,-0.02928,-0.3334
0.6666,-0.02233,-0.3135
0.655,-0.02695,-0.2957
0.6449,-0.027195,-0.1219
0.6426,-0.03098,-0.2374
0.6511,-0.036805,-0.2435
0.6592,-0.03701,-0.3382
0.6669,-0.037195,-0.4838
0.674,-0.03725,-0.4889
0.6805,-0.037275,-0.4935
0.6864,-0.03727,-0.4949
0.6942,-0.03861,-0.4955
0.7005,-0.038175,-0.4954
0.704,-0.03695,-0.5289
0.7079,-0.037345,-0.518
0.7097,-0.036385,-0.4874
0.7111,-0.036255,-0.4973
0.7111,-0.035555,-0.4733
0.7103,-0.035115,-0.47
0.7089,-0.034745,-0.4525
0.7068,-0.03429,-0.4415
0.7009,-0.032095,-0.4323
0.697,-0.0329,-0.4209
0.6926,-0.03243,-0.366
0.6848,-0.03034,-0.3862
0.679,-0.03105,-0.3744
0.6692,-0.02856,-0.3222
0.6621,-0.029555,-0.3399
0.6464,-0.02447,-0.2777
0.6379,-0.027645,-0.3025
0.629,-0.027,-0.1754
0.6101,-0.021055,-0.2548
0.6,-0.02495,-0.2387
0.5843,-0.021365,-0.09
0.5736,-0.02333,-0.1874
0.5625,-0.022575,-0.0978
0.5513,-0.021965,-0.1469
0.5397,-0.021185,-0.128
0.528,-0.02055,-0.1128
0.5099,-0.016445,-0.0933
0.4977,-0.018785,-0.0774
0.4854,-0.01812,0.0252
0.4741,-0.018055,-0.0333
0.4705,-0.021725,-0.0167
0.4848,-0.03139,-0.015
0.5457,-0.057735,-0.1068
0.5838,-0.04824,-0.3484
0.6199,-0.049045,-1.007
0.6428,-0.04359,-0.7697
0.6648,-0.04424,-0.7898
0.6859,-0.044845,-0.6534
0.7061,-0.045405,-0.6697
0.7255,-0.045975,-0.6848
0.7439,-0.046395,-0.6988
0.7778,-0.05584,-0.713
0.7933,-0.047415,-0.7235
0.8205,-0.054625,-0.9597
0.8323,-0.047515,-0.749
0.8428,-0.04739,-0.9293
0.8522,-0.04731,-0.7515
0.8641,-0.049155,-0.7484
0.8705,-0.046725,-0.7464
0.8733,-0.045065,-0.7925
0.8781,-0.046305,-0.7318
0.8831,-0.046655,-0.6903
0.8842,-0.04476,-0.7213
0.8855,-0.044925,-0.73
0.8854,-0.04422,-0.6827
0.884,-0.0435,-0.6868
0.8815,-0.042825,-0.6692
0.8778,-0.04204,-0.6512
0.8732,-0.04136,-0.6343
0.8674,-0.04047,-0.6147
0.857,-0.03765,-0.5977
0.8503,-0.039165,-0.5754
0.8471,-0.040755,-0.5049
0.8478,-0.04274,-0.5428
0.8523,-0.044865,-0.5825
0.8575,-0.045475,-0.6322
0.8616,-0.04513,-0.6853
0.8645,-0.044675,-0.7005
0.867,-0.0446,-0.6919
0.8673,-0.043515,-0.6805
0.8665,-0.042925,-0.6787
0.8646,-0.04228,-0.6515
0.8617,-0.041635,-0.6368
0.8577,-0.040885,-0.6207
0.8499,-0.038595,-0.6045
0.8434,-0.03892,-0.5858
0.8359,-0.038045,-0.5285
0.8318,-0.03954,-0.5367
0.8229,-0.036695,-0.5148
0.8079,-0.032895,-0.5522
0.7967,-0.034235,-0.481
0.7847,-0.033235,-0.386
0.7719,-0.032195,-0.4195
0.7584,-0.03117,-0.3945
0.7367,-0.025985,-0.3685
0.7213,-0.028365,-0.3429
0.7054,-0.02732,-0.2133
0.6889,-0.026195,-0.2728
0.6631,-0.020255,-0.2467
0.6543,-0.028315,-0.2185
0.6363,-0.022815,-0.07
0.6085,-0.016525,-0.2715
0.59,-0.02025,-0.134
0.5885,-0.028675,0.0232
0.5919,-0.031295,-0.0699
0.6177,-0.043785,-0.2805
0.6387,-0.042435,-0.346
0.659,-0.0431,-0.6583
0.6785,-0.043675,-0.6245
0.6971,-0.044155,-0.6412
0.7233,-0.049265,-0.6555
0.7395,-0.045075,-0.6675
0.7547,-0.045335,-0.7953
0.7755,-0.049175,-0.6905
0.7939,-0.048895,-0.697
0.8047,-0.045635,-0.793
0.8143,-0.045515,-0.786
0.8264,-0.04737,-0.7045
0.8331,-0.045005,-0.7015
0.8408,-0.04589,-0.7479
0.848,-0.046,-0.6888
0.8467,-0.041685,-0.7109
0.8441,-0.040905,-0.7137
0.8382,-0.03896,-0.6058
0.8328,-0.03894,-0.5863
0.8228,-0.03614,-0.5377
0.8148,-0.03674,-0.5372
0.8009,-0.033095,-0.4672
0.7849,-0.031245,-0.4822
0.7605,-0.025825,-0.391
0.7401,-0.026805,-0.3448
0.7256,-0.02903,-0.2093
0.6949,-0.019395,-0.2338
0.6703,-0.021215,-0.2894
0.6533,-0.024165,-0.0485
0.6271,-0.018255,-0.094
0.6092,-0.02151,-0.1678
0.5917,-0.020835,-0.02
0.5848,-0.02579,-0.1014
0.592,-0.0332,-0.0845
0.6363,-0.053965,-0.2084
0.6752,-0.05321,-0.3937
0.7131,-0.054605,-0.9128
0.75,-0.05595,-0.8939
0.8029,-0.066595,-0.9288
0.8365,-0.058625,-0.9624
0.8839,-0.067895,-1.2285
0.9134,-0.06042,-1.0293
0.9411,-0.060905,-1.261
0.9794,-0.06812,-1.0742
1.0026,-0.06173,-1.0863
1.0238,-0.06179,-1.2667
1.043,-0.06175,-1.1069
1.068,-0.0659,-1.1084
1.0821,-0.061155,-1.1074
1.0991,-0.063455,-1.2112
1.1078,-0.05974,-1.0925
1.1142,-0.05891,-1.15
1.1198,-0.05879,-1.0572
1.1209,-0.056595,-1.0364
1.1229,-0.057145,-1.0334
1.1446,-0.06808,-0.9785
1.171,-0.07175,-0.9923
1.1966,-0.07263,-1.2657
1.22,-0.0727,-1.3574
1.2409,-0.072495,-1.3794
1.2679,-0.076895,-1.3812
1.2827,-0.071535,-1.376
1.3002,-0.07376,-1.486
1.3087,-0.069685,-1.352
1.3166,-0.06978,-1.4077
1.3188,-0.06704,-1.3058
1.3173,-0.065115,-1.3082
1.3132,-0.06361,-1.2397
1.3025,-0.059775,-1.1915
1.2925,-0.059625,-1.1539
1.2803,-0.057915,-1.058
1.2658,-0.05604,-1.0543
1.24,-0.0491,-1.0115
1.2203,-0.051165,-0.9647
1.1986,-0.04908,-0.7912
1.1979,-0.059545,-0.8428
1.1919,-0.056595,-0.7907
1.2143,-0.071915,-1.0523
1.249,-0.0798,-0.9785
1.2867,-0.083185,-1.3615
1.3219,-0.083695,-1.5587
1.3697,-0.092385,-1.6433
1.3843,-0.076515,-1.656
1.411,-0.0839,-1.8733
1.435,-0.08375,-1.4765
1.456,-0.0833,-1.6612
1.4741,-0.082755,-1.6574
1.4892,-0.08201,-1.6462
1.4956,-0.07798,-1.6325
1.5062,-0.08061,-1.6139
1.5168,-0.08114,-1.5132
1.5203,-0.077765,-1.5789
1.5208,-0.07629,-1.5922
1.5184,-0.07472,-1.5078
1.5131,-0.073005,-1.4709
1.4999,-0.068395,-1.4317
1.4876,-0.06823,-1.3888
1.4727,-0.066185,-1.2735
1.4551,-0.063955,-1.2694
1.4238,-0.05554,-1.2183
1.3998,-0.05799,-1.1625
1.3595,-0.047825,-0.9522
1.3298,-0.05164,-1.0134
1.3142,-0.05791,-0.7593
1.2643,-0.038265,-0.8547
1.2284,-0.04347,-1.0114
1.1907,-0.040685,-0.5203
1.1311,-0.026755,-0.6504
1.0894,-0.03362,-0.5808
1.0464,-0.03082,-0.2325
1.0023,-0.028065,-0.4042
0.9339,-0.012495,-0.3342
0.8632,-0.00781,-0.2653
0.8393,-0.030015,0.124
0.7673,-0.002365,0.2411
0.7238,-0.01444,-0.314
0.7042,-0.02541,0.3772
0.6782,-0.02091,0.0753
0.693,-0.04205,-0.1989
0.7004,-0.03872,-0.0864
0.7146,-0.04283,-0.6149
0.7279,-0.043045,-0.5317
0.7343,-0.039915,-0.6344
0.7462,-0.04326,-0.6398
0.7573,-0.043415,-0.5615
0.7673,-0.043365,-0.6452
0.7719,-0.040895,-0.649
0.7803,-0.043215,-0.6478
0.7876,-0.04303,-0.586
0.7909,-0.041195,-0.644
0.7965,-0.042625,-0.6394
0.8011,-0.042355,-0.5935
0.8029,-0.041045,-0.6293
0.8057,-0.041685,-0.6225
0.8074,-0.04122,-0.5898
0.8079,-0.040645,-0.6058
0.8077,-0.040285,-0.5942
0.8075,-0.040275,-0.5798
0.8341,-0.055005,-0.5708
0.8614,-0.05672,-0.5705
0.9353,-0.083715,-0.9388
1.0141,-0.090105,-0.9817
1.0526,-0.07188,-1.6565
1.1277,-0.093935,-1.8163
1.2003,-0.096315,-1.3607
1.2355,-0.079375,-1.912
1.3035,-0.099175,-1.9715
1.3687,-0.101035,-1.548
1.4001,-0.085705,-2.043
1.4602,-0.10306,-2.0895
1.5171,-0.104305,-1.7063
1.5442,-0.09076,-2.1402
1.5956,-0.10548,-2.1713
1.6435,-0.106125,-1.8327
1.6875,-0.106375,-2.2007
1.7275,-0.106375,-2.2168
1.746,-0.09655,-2.223
1.7798,-0.10589,-2.223
1.7952,-0.09746,-1.9774
1.8229,-0.104995,-2.2109
1.8464,-0.10407,-2.0002
1.8566,-0.09793,-2.1885
1.8739,-0.102345,-2.1654
1.887,-0.1009,-2.0119
1.8919,-0.097045,-2.1223
1.8987,-0.098335,-2.0862
1.9115,-0.101975,-1.9898
1.9624,-0.12357,-2.022
1.9875,-0.111925,-2.113
2.0782,-0.14926,-2.6529
2.1689,-0.153795,-2.3618
2.2541,-0.155305,-3.2952
2.3335,-0.156375,-3.4085
2.4067,-0.156935,-3.4463
2.4737,-0.157185,-3.473
2.5048,-0.14079,-3.487
2.5622,-0.15681,-3.4933
2.6133,-0.156215,-3.0834
2.6578,-0.15514,-3.4839
2.6776,-0.14378,-3.469
2.7268,-0.16094,-3.4422
2.7513,-0.149815,-3.1582
2.761,-0.1429,-3.5872
2.7799,-0.148445,-3.309
2.7828,-0.14059,-3.1362
2.7891,-0.142605,-3.2748
2.8134,-0.15282,-3.0784
2.8578,-0.16509,-3.1288
2.9095,-0.171325,-3.3842
2.9332,-0.15851,-3.6909
2.9749,-0.169595,-3.8468
3.0091,-0.167555,-3.5264
3.0233,-0.158265,-3.8035
3.0461,-0.163705,-3.7525
3.0663,-0.163415,-3.5203
3.0693,-0.154965,-3.6563
3.0672,-0.15231,-3.649
3.0389,-0.137795,-3.4378
3.014,-0.13825,-3.3714
2.9823,-0.133265,-3.0085
2.944,-0.12805,-3.0199
2.9223,-0.135265,-2.8953
2.8743,-0.119715,-2.7649
2.8198,-0.11374,-2.9453
2.7903,-0.124765,-2.5565
2.7268,-0.10459,-2.4072
2.6573,-0.098115,-2.6828
2.5823,-0.091615,-2.1784
2.5428,-0.10739,-2.0165
2.4602,-0.08171,-1.854
2.4169,-0.099195,-2.2484
2.3271,-0.071455,-1.6064
2.2325,-0.064325,-2.0435
2.1836,-0.08473,-1.35
2.0931,-0.059405,-1.1718
2.0326,-0.07138,-1.6819
2.0216,-0.09558,-1.0488
2.0843,-0.135565,-1.3482
2.1003,-0.113015,-1.9532
2.1282,-0.12036,-2.9528
2.1403,-0.113065,-2.389
2.1609,-0.118345,-2.5727
2.1828,-0.12009,-2.3903
2.1876,-0.11178,-2.5223
2.1935,-0.112625,-2.5659
2.1945,-0.110225,-2.3582
2.1931,-0.108955,-2.3793
2.1868,-0.10619,-2.3193
2.1755,-0.103125,-2.2875
2.1681,-0.104705,-2.2184
2.1497,-0.098285,-2.1418
2.1266,-0.09478,-2.1813
2.1133,-0.099015,-2.0208
2.0834,-0.08922,-1.9332
2.0489,-0.085195,-2.039
2.0104,-0.08127,-1.7942
1.9948,-0.09194,-1.6935
1.9822,-0.09281,-1.5954
1.986,-0.1012,-1.8622
1.9993,-0.106615,-1.8839
2.0043,-0.102715,-2.0937
2.0109,-0.103845,-2.229
2.013,-0.1017,-2.1315
2.0106,-0.09933,-2.1598
1.9985,-0.093875,-2.1062
1.9849,-0.092445,-2.0469
1.9564,-0.08357,-1.9105
1.9448,-0.09144,-1.8748
1.9185,-0.082775,-1.6529
1.8882,-0.07926,-1.8497
1.8539,-0.075545,-1.633
1.8159,-0.071795,-1.5452
1.8115,-0.088375,-1.4523
1.8327,-0.102235,-1.3585
1.9399,-0.150595,-1.773
2.0512,-0.15821,-2.1195
2.2371,-0.204805,-3.3285
2.2868,-0.13919,-3.5189
2.3289,-0.137495,-4.6838
2.3474,-0.12662,-3.0434
2.3796,-0.13508,-3.001
2.4057,-0.133335,-2.7292
2.4256,-0.13123,-2.9407
2.4392,-0.12876,-2.897
2.4466,-0.12603,-2.8444
2.4477,-0.122935,-2.7827
2.4318,-0.11364,-2.7144
2.4147,-0.112185,-2.637
2.3784,-0.10077,-2.4047
2.3472,-0.10176,-2.3683
2.3107,-0.097285,-2.0829
2.2691,-0.092655,-2.1077
2.1972,-0.07391,-1.9958
2.1433,-0.080215,-1.88
2.0922,-0.07906,-1.4114
2.0765,-0.095975,-1.569
2.0785,-0.104925,-1.5402
2.1199,-0.126695,-1.963
2.1658,-0.13124,-2.1868
2.2065,-0.130675,-2.731
2.2418,-0.12974,-2.8447
2.2574,-0.12067,-2.8305
2.2844,-0.12772,-2.8072
2.3059,-0.126045,-2.5804
2.3218,-0.12404,-2.7567
2.3321,-0.121755,-2.7148
2.3351,-0.118255,-2.6647
2.337,-0.1178,-2.6075
2.3359,-0.116245,-2.52
2.3295,-0.113275,-2.5087
2.3176,-0.10993,-2.4698
2.3003,-0.106365,-2.3955
2.2896,-0.10913,-2.3119
2.2645,-0.100675,-2.2228
2.2341,-0.096505,-2.2919
2.217,-0.1023,-2.0805
2.1791,-0.090005,-1.9763
2.1364,-0.08547,-2.1212
2.0889,-0.080695,-1.8138
2.0636,-0.09053,-1.7004
2.0101,-0.073755,-1.581
1.9654,-0.07592,-1.8269
1.9499,-0.089745,-1.4075
1.9331,-0.088255,-1.4617
1.9163,-0.087415,-1.8073
1.9064,-0.09037,-1.77
1.8834,-0.08267,-1.749
1.8563,-0.079265,-1.8229
1.8253,-0.075765,-1.6304
1.8083,-0.081915,-1.5453
1.7716,-0.07023,-1.4578
1.7312,-0.06636,-1.6115
1.6873,-0.062415,-1.3194
1.664,-0.07155,-1.2227
1.6152,-0.05636,-1.124
1.5632,-0.05216,-1.3524
1.5081,-0.047855,-0.9727
1.4796,-0.05973,-0.8677
1.4285,-0.045875,-0.76
1.409,-0.0607,-1.0569
1.4155,-0.074025,-0.7105
1.4306,-0.07908,-1.0812
1.4431,-0.078405,-1.4143
1.4525,-0.077325,-1.5407
1.4589,-0.076145,-1.5238
1.4621,-0.074705,-1.4968
1.4625,-0.073325,-1.4673
1.4611,-0.072355,-1.4313
1.4566,-0.07058,-1.3968
1.4532,-0.07096,-1.3725
1.4441,-0.067655,-1.3282
1.4385,-0.069125,-1.3377
1.425,-0.0645,-1.255
1.4086,-0.06223,-1.2918
1.3993,-0.065315,-1.1762
1.3786,-0.05858,-1.1194
1.3552,-0.05606,-1.1965
1.3424,-0.06072,-1.0282
1.3151,-0.052105,-0.9652
1.3004,-0.05767,-1.0817
1.2693,-0.047915,-0.8663
1.2358,-0.04504,-1.0054
1.2182,-0.05211,-0.7615
1.1814,-0.04067,-0.6897
1.1424,-0.03762,-0.8664
1.1014,-0.03457,-0.5804
1.0803,-0.043465,-0.5042
1.0369,-0.030145,-0.4279
1.0145,-0.039525,-0.6503
0.9687,-0.025535,-0.3173
0.9214,-0.02242,-0.5518
0.8729,-0.019395,-0.202
0.8484,-0.03017,-0.1242
0.7988,-0.01514,-0.0485
0.7584,-0.01772,-0.3179
0.751,-0.03385,0.0578
0.7344,-0.02842,-0.0067
0.7408,-0.04024,-0.4099
0.7439,-0.038745,-0.2742
0.7492,-0.04011,-0.5697
0.7552,-0.04076,-0.5323
0.758,-0.0393,-0.5664
0.7597,-0.038835,-0.5827
0.7604,-0.03837,-0.5462
0.7603,-0.037965,-0.5345
0.7592,-0.03741,-0.5229
0.7571,-0.036805,-0.5128
0.7539,-0.036095,-0.4989
0.7497,-0.035385,-0.4838
0.7472,-0.03611,-0.466
0.7413,-0.034115,-0.4483
0.738,-0.03525,-0.4664
0.7306,-0.03283,-0.4165
0.7222,-0.03191,-0.4449
0.7128,-0.03094,-0.3844
0.7077,-0.032835,-0.3614
0.6969,-0.029445,-0.3372
0.6912,-0.03171,-0.3845
0.6791,-0.027905,-0.2998
0.6688,-0.02829,-0.3564
0.6802,-0.03971,-0.2613
0.7029,-0.046495,-0.2709
0.7197,-0.044385,-0.5564
0.7556,-0.05573,-0.726
0.7902,-0.05681,-0.6733
0.8234,-0.05777,-0.9569
0.8394,-0.04997,-0.9839
0.87,-0.0588,-1.0079
0.8846,-0.05153,-0.8129
0.9125,-0.059575,-1.0337
0.9386,-0.05998,-0.8519
0.9627,-0.060185,-1.053
0.9848,-0.06029,-1.0632
1.0046,-0.06013,-1.0683
1.0223,-0.059965,-1.0709
1.0303,-0.055515,-1.0669
1.0446,-0.05938,-1.0628
1.0567,-0.058885,-0.9515
1.0619,-0.055695,-1.0482
1.0707,-0.057935,-1.0358
1.0742,-0.05546,-0.956
1.0796,-0.05668,-1.012
1.0826,-0.05563,-0.9502
1.0833,-0.054515,-0.9807
1.0817,-0.053285,-0.9544
1.0779,-0.051995,-0.9265
1.0751,-0.052355,-0.8958
1.0679,-0.049795,-0.8635
1.0585,-0.048225,-0.8725
1.047,-0.0466,-0.8085
1.0335,-0.044925,-0.7693
1.0181,-0.043205,-0.7287
1.0008,-0.04139,-0.6868
0.9818,-0.03959,-0.6438
0.9612,-0.03776,-0.5984
0.9391,-0.035905,-0.5534
0.9156,-0.03403,-0.5077
0.8918,-0.03269,-0.4613
0.8841,-0.040355,-0.4144
0.8777,-0.040685,-0.3809
0.8803,-0.045315,-0.5725
0.8909,-0.049845,-0.5808
0.9038,-0.05164,-0.6965
0.9152,-0.05146,-0.8098
0.925,-0.05115,-0.8547
0.9331,-0.050705,-0.8502
0.9365,-0.048525,-0.8424
0.942,-0.04985,-0.8313
0.9459,-0.049245,-0.7768
0.948,-0.04845,-0.8099
0.9484,-0.04762,-0.7948
0.947,-0.04665,-0.7749
0.944,-0.0457,-0.7542
0.9418,-0.04599,-0.7299
0.9363,-0.044065,-0.7062
0.9328,-0.04489,-0.7134
0.9248,-0.04224,-0.6653
0.9151,-0.040905,-0.6859
0.9039,-0.039595,-0.6197
0.8911,-0.038155,-0.5863
0.8769,-0.036745,-0.5535
0.8613,-0.035265,-0.5175
0.8443,-0.033715,-0.4823
0.826,-0.03215,-0.4453
0.8066,-0.03063,-0.4065
0.7859,-0.028945,-0.3674
0.7642,-0.02736,-0.3294
0.7415,-0.025725,-0.2873
0.7179,-0.024095,-0.2477
0.7058,-0.02924,-0.2068
0.681,-0.02165,-0.166
0.6554,-0.01997,-0.2947
0.6424,-0.02562,-0.1049
0.6159,-0.017545,-0.0629
0.5887,-0.015835,-0.2042
0.561,-0.0142,-0.0023
0.5189,-0.004895,0.0405
0.4906,-0.01038,0.0813
0.4623,-0.008965,0.314
0.4481,-0.015305,0.1768
0.4058,0.00086,0.2122
0.3917,-0.012535,0.0537
0.3639,-0.004295,0.4578
0.3363,-0.003015,0.123
0.3226,-0.00928,0.329
0.2955,-0.001225,0.361
0.2688,-9e-05,0.2043
0.2557,-0.006235,0.4057
0.2298,0.00146,0.4341
0.2045,0.002425,0.2805
0.1798,0.00336,0.4728
0.1678,-0.00239,0.497
0.1636,-0.00608,0.5203
0.2273,-0.043215,0.3766
0.575,-0.2026,0.2843
0.6435,-0.066425,-0.644
0.5652,0.01089,-4.6287
0.4406,0.04027,-1.2243
0.3665,0.018725,0.7086
0.3503,-0.009415,1.4431
0.3536,-0.01933,0.9045
0.368,-0.0256,0.201
0.4098,-0.04139,-0.0469
0.4586,-0.04733,-0.2037
0.5087,-0.050485,-0.5984
0.5336,-0.03913,-0.7469
0.5824,-0.05352,-0.8258
0.6066,-0.04243,-0.5419
0.654,-0.0564,-0.9017
0.7003,-0.058165,-0.6244
0.7453,-0.059765,-0.9737
0.7887,-0.061135,-1.0178
0.8305,-0.062425,-1.0578
0.8704,-0.06347,-1.092
0.9083,-0.064365,-1.1243
0.9265,-0.055425,-1.1504
0.9613,-0.065465,-1.1728
0.9941,-0.066105,-0.9493
1.0247,-0.066535,-1.2003
1.0529,-0.066745,-1.2163
1.0661,-0.059905,-1.227
1.0906,-0.06678,-1.2323
1.1128,-0.06674,-1.0613
1.1229,-0.061195,-1.2332
1.1413,-0.066265,-1.2322
1.1496,-0.06163,-1.0935
1.1641,-0.065455,-1.2203
1.1761,-0.064805,-1.1044
1.1855,-0.063975,-1.2
1.1893,-0.061365,-1.1838
1.1965,-0.063425,-1.163
1.1976,-0.06043,-1.0978
1.1978,-0.05999,-1.1493
1.1955,-0.058625,-1.0744
1.1934,-0.05862,-1.0634
1.1873,-0.056315,-1.0293
1.1787,-0.054635,-1.0292
1.1677,-0.052885,-0.9715
1.1543,-0.051015,-0.9295
1.1386,-0.04908,-0.8858
1.1207,-0.047085,-0.839
1.1109,-0.050645,-0.7907
1.0899,-0.043995,-0.7408
1.0667,-0.041735,-0.8298
1.0416,-0.03953,-0.6635
1.0146,-0.03723,-0.607
0.9859,-0.034945,-0.5519
0.971,-0.0411,-0.4944
0.9399,-0.031445,-0.4373
0.9073,-0.029065,-0.5912
0.8905,-0.036125,-0.3498
0.8558,-0.02544,-0.2903
0.8381,-0.033055,-0.4668
0.8017,-0.021885,-0.1997
0.7642,-0.01946,-0.39
0.7451,-0.027705,-0.1108
0.7063,-0.015915,-0.0502
0.6666,-0.01348,-0.2563
0.6264,-0.01122,0.0385
0.6061,-0.020155,0.0993
0.5653,-0.007865,0.1558
0.5447,-0.016935,-0.0675
0.5035,-0.004575,0.2397
0.4621,-0.002405,0.013
0.4207,-0.000335,0.322
0.4001,-0.009705,0.3762
0.3591,0.002545,0.428
0.3183,0.004485,0.1937
0.2779,0.006305,0.5
0.2382,0.00794,0.5485
0.1992,0.00954,0.594
0.1612,0.01094,0.6348
0.1241,0.012345,0.6748
0.0882,0.01354,0.7098
0.0534,0.01473,0.745
0.02,0.0157,0.7748
-0.012,0.0166,0.8046
-0.0425,0.017375,0.8288
-0.0987,0.033035,0.8513
-0.1117,0.012085,0.8707
-0.1361,0.019005,1.2622
-0.1587,0.019235,0.7385
-0.1794,0.01932,0.9115
-0.1982,0.01931,0.9172
-0.2151,0.019205,0.9193
-0.2227,0.014935,0.9191
-0.2366,0.01878,0.9165
-0.2586,0.02393,0.8097
-0.2628,0.01524,0.9058
-0.2666,0.01523,1.0346
-0.2748,0.01784,0.8173
-0.2779,0.015445,0.8171
-0.2787,0.014335,0.8823
-0.2789,0.014045,0.8225
-0.2771,0.012955,0.7947
-0.2734,0.01182,0.7875
-0.2678,0.01059,0.7602
-0.2643,0.011465,0.7318
-0.256,0.00865,0.7011
-0.2459,0.007245,0.723
-0.2341,0.005805,0.6526
-0.2276,0.00813,0.6175
-0.2133,0.003515,0.5815
-0.1974,0.00192,0.6396
-0.18,0.0003,0.5242
-0.1707,0.003885,0.4843
-0.1512,-0.00219,0.4438
-0.1303,-0.003935,0.5335
-0.1081,-0.005695,0.3816
-0.0847,-0.007465,0.338
-0.0726,-0.00242,0.294
-0.0477,-0.010065,0.2497
-0.0348,-0.00471,0.3758
-0.0085,-0.012725,0.1847
0.0188,-0.01459,0.3186
0.0327,-0.008585,0.1182
0.0611,-0.017255,0.0716
0.0901,-0.019005,0.2217
0.1049,-0.012645,0.005
0.1346,-0.02158,-0.0388
0.1649,-0.023395,0.1202
0.1801,-0.016605,-0.1032
0.2108,-0.02589,-0.1485
0.2416,-0.02748,0.0212
0.2571,-0.020605,-0.2109
0.288,-0.02985,-0.2507
0.3189,-0.031395,-0.0788
0.3497,-0.032885,-0.3099
0.3649,-0.025845,-0.3485
0.3952,-0.03491,-0.3858
0.4102,-0.02801,-0.2098
0.4544,-0.04482,-0.4364
0.4689,-0.030695,-0.2639
0.4972,-0.03901,-0.6842
0.5247,-0.039985,-0.331
0.5515,-0.040975,-0.5389
0.5646,-0.03478,-0.5633
0.6023,-0.048965,-0.588
0.6379,-0.049695,-0.4332
0.6602,-0.04416,-0.7878
0.6811,-0.044505,-0.806
0.7007,-0.044835,-0.6677
0.7189,-0.045045,-0.6763
0.7358,-0.04524,-0.6845
0.7513,-0.045315,-0.6898
0.7653,-0.045265,-0.6947
0.7778,-0.04514,-0.6965
0.7888,-0.04494,-0.6953
0.7983,-0.044665,-0.6922
0.8026,-0.04228,-0.6872
0.8112,-0.04486,-0.6803
0.8235,-0.047325,-0.6207
0.8457,-0.053385,-0.6852
0.8632,-0.05191,-0.7468
0.9165,-0.072475,-0.8983
1.0011,-0.092355,-0.8614
1.1227,-0.116935,-1.3755
0.8923,0.070585,-1.8725
0.8396,-0.01563,-2.487
0.8513,-0.048415,2.201
0.8603,-0.047515,0.0456
0.8715,-0.049175,-0.774
0.8746,-0.04528,-0.7515
0.8795,-0.046425,-0.793
0.883,-0.0459,-0.6957
0.885,-0.04525,-0.7243
0.8856,-0.04458,-0.7112
0.8846,-0.04373,-0.6949
0.8822,-0.04291,-0.6782
0.8782,-0.04191,-0.6569
0.8696,-0.03918,-0.6364
0.862,-0.0393,-0.6114
0.853,-0.03815,-0.5432
0.8426,-0.03693,-0.5462
0.8309,-0.035695,-0.5174
0.8179,-0.034395,-0.4869
0.7961,-0.028905,-0.456
0.7882,-0.03546,-0.4235
0.7717,-0.030335,-0.2863
0.754,-0.02885,-0.4502
0.7353,-0.027415,-0.322
0.7055,-0.020375,-0.2849
0.6845,-0.023725,-0.249
0.6628,-0.02229,-0.073
0.6405,-0.020875,-0.1568
0.6291,-0.025755,-0.1209
0.6063,-0.018915,-0.0855
0.5833,-0.017665,-0.2075
0.5591,-0.015855,-0.0365
0.5346,-0.01448,-0.0053
0.5099,-0.013145,0.04
0.4853,-0.011965,0.0743
0.4608,-0.01079,0.1077
0.4362,-0.00951,0.1372
0.4117,-0.008335,0.1666
0.3874,-0.00722,0.1986
0.3633,-0.006115,0.228
0.2954,0.01918,0.2558
0.2941,-0.014055,0.2835
0.296,-0.01575,0.9158
0.3094,-0.02217,0.085
0.3449,-0.034995,0.0426
0.3806,-0.03688,-0.1179
0.4161,-0.038555,-0.4385
0.4512,-0.04011,-0.4857
0.4686,-0.03213,-0.5275
0.5199,-0.051645,-0.5664
0.5367,-0.035235,-0.3669
0.5694,-0.04482,-0.8548
0.6013,-0.046015,-0.4445
0.6323,-0.047115,-0.6842
0.6473,-0.039865,-0.714
0.6765,-0.048425,-0.7415
0.7046,-0.04928,-0.5603
0.7314,-0.04997,-0.7743
0.7442,-0.04361,-0.7957
0.7687,-0.050685,-0.8129
0.8026,-0.05708,-0.6539
0.8131,-0.045905,-0.8308
0.8417,-0.056385,-0.9907
0.8584,-0.05127,-0.7113
0.8732,-0.05106,-0.9733
0.886,-0.0507,-0.8454
0.8968,-0.05024,-0.8402
0.9058,-0.04979,-0.8312
0.9128,-0.04914,-0.8197
0.9313,-0.055815,-0.8084
0.9694,-0.06752,-0.7922
1.0272,-0.08026,-0.959
1.0591,-0.068905,-1.2517
1.1208,-0.08689,-1.5702
1.1798,-0.08849,-1.2863
1.2083,-0.074665,-1.7359
1.2627,-0.090335,-1.7759
1.314,-0.09135,-1.4303
1.3384,-0.07912,-1.822
1.3846,-0.09233,-1.8474
1.4274,-0.09277,-1.5417
1.4666,-0.09293,-1.8719
1.5019,-0.092745,-1.8829
1.5182,-0.08406,-1.8869
1.5476,-0.09208,-1.8823
1.5733,-0.091515,-1.6652
1.5949,-0.090545,-1.8657
1.6125,-0.089425,-1.8515
1.6261,-0.088105,-1.8273
1.6355,-0.086475,-1.7993
1.6386,-0.08348,-1.7663
1.642,-0.0838,-1.7255
1.6413,-0.081715,-1.6507
1.6395,-0.081075,-1.6587
1.6329,-0.078345,-1.6065
1.6224,-0.07587,-1.5905
1.6081,-0.073255,-1.5223
1.59,-0.07045,-1.4604
1.5796,-0.07378,-1.395
1.5561,-0.066055,-1.3249
1.5352,-0.06631,-1.4082
1.5323,-0.075165,-1.215
1.5515,-0.087175,-1.2214
1.5963,-0.102215,-1.4428
1.6566,-0.11298,-1.743
1.6916,-0.10208,-2.119
1.722,-0.1013,-2.3882
1.7478,-0.10029,-2.1157
1.759,-0.09355,-2.0962
1.778,-0.0984,-2.0709
1.7926,-0.09693,-1.9024
1.8027,-0.095185,-2.0237
1.8082,-0.09316,-1.9869
1.8091,-0.090905,-1.9433
1.8872,-0.13341,-1.8927
1.9147,-0.109485,-1.8363
2.0332,-0.16091,-2.8989
2.0924,-0.13422,-2.3008
2.2059,-0.167045,-3.5864
2.3132,-0.16931,-2.9192
2.3643,-0.143765,-3.7398
2.4611,-0.171455,-3.7964
2.551,-0.1725,-3.1578
2.6335,-0.172925,-3.85
2.742,-0.19135,-3.8762
2.7741,-0.154755,-3.8868
2.8316,-0.17033,-4.3474
2.8807,-0.168585,-3.4325
2.9213,-0.166365,-3.8219
2.9532,-0.16361,-3.7783
2.9658,-0.15459,-3.7228
2.9847,-0.158685,-3.6539
2.9956,-0.15523,-3.4284
3.0044,-0.15462,-3.5308
2.9145,-0.100775,-3.4444
3.0841,-0.239005,-3.4292
3.1382,-0.18396,-2.083
3.3305,-0.262675,-5.5388
3.3915,-0.200075,-4.1627
3.5047,-0.231835,-6.1305
3.6071,-0.231555,-4.565