cte,steer,angle
0.7598,-0.07598,0
0.7598,-0.07598,0
0.7598,-0.07598,-1.4632
0.7599,-0.07599,-1.4632
0.7597,-0.07597,-1.4632
0.7597,-0.07597,-1.4634
0.7595,-0.07595,-1.4629
0.7594,-0.07594,-1.4629
0.7591,-0.07591,-1.4624
0.759,-0.0759,-1.4622
0.7586,-0.07586,-1.4614
0.7585,-0.07585,-1.4612
0.7582,-0.07582,-1.4602
0.7579,-0.07579,-1.4599
0.7576,-0.07576,-1.4592
0.7572,-0.07572,-1.4584
0.7568,-0.07568,-1.4577
0.7563,-0.07563,-1.4567
0.7561,-0.07561,-1.4557
0.7556,-0.07556,-1.4544
0.7551,-0.07551,-1.4539
0.7548,-0.07548,-1.4527
0.7542,-0.07542,-1.4514
0.7536,-0.07536,-1.4507
0.7533,-0.07533,-1.4492
0.7526,-0.07526,-1.4477
0.7518,-0.07518,-1.4469
0.7514,-0.07514,-1.4452
0.7506,-0.07506,-1.4432
0.7497,-0.07497,-1.4422
0.7483,-0.07483,-1.4402
0.7473,-0.07473,-1.4379
0.7456,-0.07456,-1.4344
0.7444,-0.07444,-1.4319
0.7437,-0.07437,-1.4277
0.7431,-0.07431,-1.4247
0.7417,-0.07417,-1.4229
0.7409,-0.07409,-1.4214
0.7394,-0.07394,-1.4179
0.7386,-0.07386,-1.4159
0.7369,-0.07369,-1.4122
0.7351,-0.07351,-1.4102
0.7342,-0.07342,-1.4059
0.7322,-0.07322,-1.4014
0.7312,-0.07312,-1.3992
0.7291,-0.07291,-1.3942
0.7268,-0.07268,-1.3917
0.7257,-0.07257,-1.3864
0.7245,-0.07245,-1.3807
0.722,-0.0722,-1.3779
0.7194,-0.07194,-1.3749
0.718,-0.0718,-1.3687
0.7152,-0.07152,-1.3622
0.7123,-0.07123,-1.3587
0.7092,-0.07092,-1.3517
0.7061,-0.07061,-1.3444
0.7044,-0.07044,-1.3367
0.701,-0.0701,-1.3289
0.6975,-0.06975,-1.3247
0.6938,-0.06938,-1.3162
0.6583,-0.06583,-1.3074
0.6503,-0.06503,-1.2982
0.6332,-0.06332,-1.2094
0.6241,-0.06241,-1.1894
0.6187,-0.06187,-1.1467
0.6126,-0.06126,-1.1239
0.6108,-0.06108,-1.1104
0.6118,-0.06118,-1.0952
0.6068,-0.06068,-1.0907
0.6014,-0.06014,-1.0932
0.5972,-0.05972,-1.0807
0.594,-0.0594,-1.0672
0.5917,-0.05917,-1.0567
0.59,-0.059,-1.0487
0.5882,-0.05882,-1.0429
0.587,-0.0587,-1.0387
0.5858,-0.05858,-1.0342
0.5848,-0.05848,-1.0312
0.5836,-0.05836,-1.0282
0.583,-0.0583,-1.0257
0.5809,-0.05809,-1.0227
0.5801,-0.05801,-1.0212
0.5775,-0.05775,-1.0159
0.5755,-0.05755,-1.0139
0.5733,-0.05733,-1.0074
0.5722,-0.05722,-1.0024
0.5697,-0.05697,-0.9969
0.5671,-0.05671,-0.9942
0.5643,-0.05643,-0.9879
0.5612,-0.05612,-0.9814
0.558,-0.0558,-0.9744
0.5563,-0.05563,-0.9667
0.5527,-0.05527,-0.9587
0.549,-0.0549,-0.9544
0.545,-0.0545,-0.9454
0.5408,-0.05408,-0.9362
0.5364,-0.05364,-0.9262
0.5317,-0.05317,-0.9157
0.5269,-0.05269,-0.9047
0.5191,-0.05191,-0.8929
0.5136,-0.05136,-0.8809
0.505,-0.0505,-0.8614
0.499,-0.0499,-0.8477
0.4894,-0.04894,-0.8262
0.4828,-0.04828,-0.8112
0.4724,-0.04724,-0.7872
0.4653,-0.04653,-0.7707
0.4578,-0.04578,-0.7447
0.4502,-0.04502,-0.7269
0.4424,-0.04424,-0.7082
0.4342,-0.04342,-0.6892
0.4259,-0.04259,-0.6697
0.4174,-0.04174,-0.6492
0.4087,-0.04087,-0.6284
0.3951,-0.03951,-0.6072
0.3904,-0.03904,-0.5854
0.3809,-0.03809,-0.5514
0.3713,-0.03713,-0.5397
0.3614,-0.03614,-0.5159
0.3514,-0.03514,-0.4919
0.3412,-0.03412,-0.4672
0.3308,-0.03308,-0.4422
0.3203,-0.03203,-0.4167
0.3095,-0.03095,-0.3907
0.2986,-0.02986,-0.3644
0.2874,-0.02874,-0.3374
0.2648,-0.02648,-0.3102
0.2532,-0.02532,-0.2822
0.2357,-0.02357,-0.2257
0.2238,-0.02238,-0.1967
0.2057,-0.02057,-0.1529
0.1876,-0.01876,-0.1232
0.1691,-0.01691,-0.0779
0.1568,-0.01568,-0.0327
0.1443,-0.01443,0.0136
0.1258,-0.01258,0.0443
0.1134,-0.01134,0.0756
0.101,-0.0101,0.1218
0.0886,-0.00886,0.1528
0.07,-0.007,0.1838
0.0577,-0.00577,0.2148
0.0455,-0.00455,0.2613
0.0334,-0.00334,0.2921
0.0214,-0.00214,0.3226
0.0096,-0.00096,0.3528
-0.0022,0.00022,0.3828
-0.0137,0.00137,0.4123
-0.0252,0.00252,0.4418
-0.0364,0.00364,0.4706
-0.0418,0.00418,0.4993
-0.0582,0.00582,0.5273
-0.0634,0.00634,0.5408
-0.0738,0.00738,0.5818
-0.089,0.0089,0.5948
-0.0987,0.00987,0.6208
-0.1127,0.01127,0.6588
-0.1261,0.01261,0.6831
-0.1341,0.01341,0.7181
-0.1374,0.01374,0.7516
-0.1435,0.01435,0.7716
-0.1443,0.01443,0.7798
-0.1443,0.01443,0.7951
-0.1391,0.01391,0.7971
-0.1362,0.01362,0.7971
-0.1285,0.01285,0.7841
-0.1188,0.01188,0.7768
-0.1085,0.01085,0.7576
-0.0977,0.00977,0.7333
-0.0865,0.00865,0.7076
-0.0689,0.00689,0.6806
-0.0439,0.00439,0.6526
-0.0242,0.00242,0.6086
-0.0105,0.00105,0.5461
0.0035,-0.00035,0.4968
0.0252,-0.00252,0.4626
0.04,-0.004,0.4276
0.0551,-0.00551,0.3733
0.0704,-0.00704,0.3363
0.1096,-0.01096,0.2986
0.1421,-0.01421,0.2603
0.1671,-0.01671,0.1623
0.1838,-0.01838,0.0811
0.2005,-0.02005,0.0186
0.2173,-0.02173,-0.0232
0.2341,-0.02341,-0.0649
0.2509,-0.02509,-0.1069
0.2758,-0.02758,-0.1489
0.2924,-0.02924,-0.1909
0.3089,-0.03089,-0.2532
0.3252,-0.03252,-0.2947
0.3413,-0.03413,-0.3359
0.3572,-0.03572,-0.3767
0.3807,-0.03807,-0.4169
0.3959,-0.03959,-0.4567
0.4033,-0.04033,-0.5154
0.4324,-0.04324,-0.5534
0.4394,-0.04394,-0.5719
0.4532,-0.04532,-0.6447
0.4664,-0.04664,-0.6622
0.4854,-0.04854,-0.6967
0.4974,-0.04974,-0.7297
0.5088,-0.05088,-0.7772
0.5299,-0.05299,-0.8072
0.5486,-0.05486,-0.8357
0.5569,-0.05569,-0.8884
0.5681,-0.05681,-0.9352
0.5746,-0.05746,-0.9559
0.5829,-0.05829,-0.9839
0.5874,-0.05874,-1.0002
0.5911,-0.05911,-1.0209
0.5927,-0.05927,-1.0322
0.596,-0.0596,-1.0414
0.5971,-0.05971,-1.0454
0.5974,-0.05974,-1.0537
0.5972,-0.05972,-1.0564
0.5995,-0.05995,-1.0572
0.6013,-0.06013,-1.0567
0.6077,-0.06077,-1.0624
0.6144,-0.06144,-1.0669
0.6244,-0.06244,-1.0829
0.6426,-0.06426,-1.0997
0.6538,-0.06538,-1.1247
0.659,-0.0659,-1.1702
0.6731,-0.06731,-1.1982
0.6812,-0.06812,-1.2112
0.6912,-0.06912,-1.2464
0.6965,-0.06965,-1.2667
0.7023,-0.07023,-1.2917
0.7046,-0.07046,-1.3049
0.7059,-0.07059,-1.3194
0.7032,-0.07032,-1.3252
0.7,-0.07,-1.3284
0.6956,-0.06956,-1.3217
0.6898,-0.06898,-1.3137
0.6865,-0.06865,-1.3027
0.6789,-0.06789,-1.2882
0.67,-0.067,-1.2799
0.665,-0.0665,-1.2609
0.6543,-0.06543,-1.2387
0.6485,-0.06485,-1.2262
0.6359,-0.06359,-1.1994
0.6221,-0.06221,-1.1849
0.5991,-0.05991,-1.1534
0.5823,-0.05823,-1.1189
0.5644,-0.05644,-1.0614
0.5454,-0.05454,-1.0194
0.515,-0.0515,-0.9747
0.5043,-0.05043,-0.9272
0.4822,-0.04822,-0.8512
0.4473,-0.04473,-0.8244
0.4352,-0.04352,-0.7692
0.4105,-0.04105,-0.6819
0.3719,-0.03719,-0.6517
0.3586,-0.03586,-0.5899
0.3041,-0.03041,-0.4934
0.2759,-0.02759,-0.4602
0.2327,-0.02327,-0.3239
0.2033,-0.02033,-0.2534
0.1736,-0.01736,-0.1454
0.1437,-0.01437,-0.0719
0.1137,-0.01137,0.0023
0.0841,-0.00841,0.0771
0.0589,-0.00589,0.1521
0.0389,-0.00389,0.2261
0.0149,-0.00149,0.2891
0.0052,-0.00052,0.3391
-0.0028,0.00028,0.3991
-0.0142,0.00142,0.4233
-0.0246,0.00246,0.4433
-0.031,0.0031,0.4718
-0.0397,0.00397,0.4978
-0.0449,0.00449,0.5138
-0.0516,0.00516,0.5356
-0.0554,0.00554,0.5486
-0.0586,0.00586,0.5653
-0.0622,0.00622,0.5748
-0.0638,0.00638,0.5828
-0.0649,0.00649,0.5918
-0.0646,0.00646,0.5958
-0.0627,0.00627,0.5986
-0.0606,0.00606,0.5978
-0.0542,0.00542,0.5931
-0.045,0.0045,0.5878
-0.0362,0.00362,0.5718
-0.0259,0.00259,0.5488
-0.0182,0.00182,0.5268
-0.0054,0.00054,0.5011
0.0139,-0.00139,0.4818
0.0245,-0.00245,0.4498
0.0415,-0.00415,0.4016
0.0534,-0.00534,0.3751
0.0723,-0.00723,0.3326
0.0922,-0.00922,0.3028
0.1131,-0.01131,0.2556
0.1275,-0.01275,0.2058
0.1496,-0.01496,0.1536
0.1647,-0.01647,0.1176
0.1937,-0.01937,0.0623
0.2193,-0.02193,0.0246
0.2818,-0.02818,-0.0479
0.319,-0.0319,-0.1119
0.3748,-0.03748,-0.2682
0.4301,-0.04301,-0.3612
0.4665,-0.04665,-0.5007
0.5023,-0.05023,-0.6389
0.52,-0.052,-0.7299
0.5547,-0.05547,-0.8194
0.5885,-0.05885,-0.8637
0.6214,-0.06214,-0.9504
0.6531,-0.06531,-1.0349
0.6836,-0.06836,-1.1172
0.7269,-0.07269,-1.1964
0.7669,-0.07669,-1.2727
0.7917,-0.07917,-1.3809
0.8146,-0.08146,-1.4809
0.8254,-0.08254,-1.5429
0.8455,-0.08455,-1.6002
0.8636,-0.08636,-1.6272
0.8797,-0.08797,-1.6774
0.8935,-0.08935,-1.7227
0.8996,-0.08996,-1.7629
0.9099,-0.09099,-1.7974
0.9178,-0.09178,-1.8127
0.9208,-0.09208,-1.8384
0.9249,-0.09249,-1.8582
0.9264,-0.09264,-1.8657
0.9254,-0.09254,-1.8759
0.9187,-0.09187,-1.8797
0.9109,-0.09109,-1.8772
0.8941,-0.08941,-1.8604
0.8795,-0.08795,-1.8409
0.8712,-0.08712,-1.7989
0.8528,-0.08528,-1.7624
0.8318,-0.08318,-1.7417
0.8083,-0.08083,-1.6957
0.7824,-0.07824,-1.6432
0.7686,-0.07686,-1.5844
0.7394,-0.07394,-1.5197
0.7079,-0.07079,-1.4852
0.6742,-0.06742,-1.4122
0.6566,-0.06566,-1.3334
0.6199,-0.06199,-1.2492
0.6008,-0.06008,-1.2052
0.5613,-0.05613,-1.1134
0.5199,-0.05199,-1.0657
0.4789,-0.04789,-0.9669
0.4604,-0.04604,-0.8634
0.4295,-0.04295,-0.7609
0.4039,-0.04039,-0.7147
0.394,-0.0394,-0.6374
0.382,-0.0382,-0.5734
0.3711,-0.03711,-0.5487
0.3652,-0.03652,-0.5187
0.3527,-0.03527,-0.4914
0.3461,-0.03461,-0.4767
0.3322,-0.03322,-0.4454
0.3175,-0.03175,-0.4289
0.3019,-0.03019,-0.3942
0.2939,-0.02939,-0.3574
0.2687,-0.02687,-0.3184
0.251,-0.0251,-0.2984
0.2236,-0.02236,-0.2354
0.2046,-0.02046,-0.1912
0.195,-0.0195,-0.1227
0.1755,-0.01755,-0.0752
0.1557,-0.01557,-0.0512
0.1457,-0.01457,-0.0024
0.1256,-0.01256,0.0471
0.1054,-0.01054,0.0721
0.0953,-0.00953,0.1223
0.0751,-0.00751,0.1728
0.0549,-0.00549,0.1981
0.0449,-0.00449,0.2486
0.0251,-0.00251,0.2991
0.0153,-0.00153,0.3241
-0.0041,0.00041,0.3736
-0.0231,0.00231,0.3981
-0.0416,0.00416,0.4466
-0.0507,0.00507,0.4941
-0.0683,0.00683,0.5403
-0.0769,0.00769,0.5631
-0.0935,0.00935,0.6071
-0.1094,0.01094,0.6286
-0.117,0.0117,0.6701
-0.1315,0.01315,0.7098
-0.1452,0.01452,0.7288
-0.1578,0.01578,0.7651
-0.1637,0.01637,0.7993
-0.1746,0.01746,0.8308
-0.1838,0.01838,0.8456
-0.1885,0.01885,0.8728
-0.1825,0.01825,0.8958
-0.1713,0.01713,0.9076
-0.1582,0.01582,0.8926
-0.1436,0.01436,0.8646
-0.1278,0.01278,0.8318
-0.1194,0.01194,0.7953
-0.1016,0.01016,0.7558
-0.0827,0.00827,0.7348
-0.0625,0.00625,0.6903
-0.0411,0.00411,0.6431
-0.0186,0.00186,0.5926
-0.007,0.0007,0.5391
0.0293,-0.00293,0.4828
0.0547,-0.00547,0.4538
0.0678,-0.00678,0.3631
0.0943,-0.00943,0.2996
0.1216,-0.01216,0.2668
0.1355,-0.01355,0.2006
0.1636,-0.01636,0.1323
0.2066,-0.02066,0.0976
0.2357,-0.02357,0.0273
0.265,-0.0265,-0.0802
0.2944,-0.02944,-0.1529
0.3238,-0.03238,-0.2262
0.3531,-0.03531,-0.2997
0.3821,-0.03821,-0.3732
0.4108,-0.04108,-0.4464
0.439,-0.0439,-0.5189
0.4666,-0.04666,-0.5907
0.5066,-0.05066,-0.6612
0.5322,-0.05322,-0.7302
0.5708,-0.05708,-0.8302
0.617,-0.0617,-0.8942
0.7092,-0.07092,-0.9907
0.7681,-0.07681,-1.1062
0.8555,-0.08555,-1.3367
0.9114,-0.09114,-1.4839
0.9649,-0.09649,-1.7024
1.0158,-0.10158,-1.8422
1.0639,-0.10639,-1.9759
1.109,-0.1109,-2.1032
1.1704,-0.11704,-2.2234
1.1891,-0.11891,-2.3362
1.2396,-0.12396,-2.4897
1.2683,-0.12683,-2.5364
1.2928,-0.12928,-2.6627
1.3131,-0.13131,-2.7344
1.329,-0.1329,-2.7957
1.3403,-0.13403,-2.8464
1.3461,-0.13461,-2.8862
1.3385,-0.13385,-2.9144
1.3083,-0.13083,-2.9289
1.2582,-0.12582,-2.9099
1.2076,-0.12076,-2.8344
1.1678,-0.11678,-2.7092
1.1234,-0.11234,-2.5827
1.0744,-0.10744,-2.4832
1.0209,-0.10209,-2.3722
0.9633,-0.09633,-2.2497
0.9016,-0.09016,-2.1159
0.8692,-0.08692,-1.9719
0.8018,-0.08018,-1.8177
0.7307,-0.07307,-1.7367
0.6178,-0.06178,-1.5682
0.5385,-0.05385,-1.3904
0.4564,-0.04564,-1.1082
0.3718,-0.03718,-0.9099
0.285,-0.0285,-0.7047
0.1513,-0.01513,-0.4932
0.106,-0.0106,-0.2762
-0.0316,0.00316,0.0581
-0.1239,0.01239,0.1713
-0.2167,0.02167,0.5153
-0.3018,0.03018,0.7461
-0.3396,0.03396,0.9781
-0.3735,0.03735,1.1908
-0.4055,0.04055,1.2853
-0.4508,0.04508,1.3701
-0.4923,0.04923,1.4501
-0.5293,0.05293,1.5633
-0.5511,0.05511,1.6671
-0.5705,0.05705,1.7596
-0.5792,0.05792,1.8141
-0.5945,0.05945,1.8626
-0.6069,0.06069,1.8843
-0.6162,0.06162,1.9226
-0.6225,0.06225,1.9536
-0.6255,0.06255,1.9768
-0.6258,0.06258,1.9926
-0.6238,0.06238,2.0001
-0.6145,0.06145,2.0008
-0.6096,0.06096,1.9958
-0.5973,0.05973,1.9726
-0.5814,0.05814,1.9603
-0.5621,0.05621,1.9296
-0.5265,0.05265,1.8898
-0.5129,0.05129,1.8416
-0.4827,0.04827,1.7526
-0.4118,0.04118,1.7186
-0.3437,0.03437,1.6431
-0.2691,0.02691,1.4658
-0.1916,0.01916,1.2956
-0.1114,0.01114,1.1091
-0.0288,0.00288,0.9153
0.0559,-0.00559,0.7148
0.1425,-0.01425,0.5083
0.2752,-0.02752,0.2966
0.3653,-0.03653,0.0801
0.456,-0.0456,-0.2517
0.5927,-0.05927,-0.4769
0.6383,-0.06383,-0.7037
0.774,-0.0774,-1.0454
0.8633,-0.08633,-1.1594
0.9075,-0.09075,-1.4987
0.9944,-0.09944,-1.7219
1.0791,-0.10791,-1.8324
1.1613,-0.11613,-2.0497
1.2404,-0.12404,-2.2614
1.3161,-0.13161,-2.4669
1.3881,-0.13881,-2.6647
1.4225,-0.14225,-2.8539
1.488,-0.1488,-3.0339
1.6598,-0.16598,-3.1199
1.616,-0.1616,-3.2837
1.717,-0.1717,-3.7132
1.8255,-0.18255,-3.6037
1.8805,-0.18805,-3.8562
1.9862,-0.19862,-4.1274
2.085,-0.2085,-4.2649
2.1317,-0.21317,-4.5292
2.2192,-0.22192,-4.7762
2.2988,-0.22988,-4.8929
2.3354,-0.23354,-5.1117
2.4019,-0.24019,-5.3107
2.4593,-0.24593,-5.4022
2.4845,-0.24845,-5.5684
2.5451,-0.25451,-5.7119
2.5728,-0.25728,-5.7749
2.5901,-0.25901,-5.9264
2.5958,-0.25958,-5.9957
2.5859,-0.25859,-6.0389
2.5649,-0.25649,-6.0532
2.5501,-0.25501,-6.0284
2.5123,-0.25123,-5.9759
2.4632,-0.24632,-5.9389
2.4345,-0.24345,-5.8444
2.3687,-0.23687,-5.7217
2.3317,-0.23317,-5.6499
2.2921,-0.22921,-5.4854
2.2047,-0.22047,-5.3929
2.1069,-0.21069,-5.2939
2.054,-0.2054,-5.0754
1.941,-0.1941,-4.8309
1.8182,-0.18182,-4.6987
1.7533,-0.17533,-4.4162
1.6167,-0.16167,-4.1092
1.5452,-0.15452,-3.9469
1.3962,-0.13962,-3.6054
1.3188,-0.13188,-3.4267
1.1584,-0.11584,-3.0542
0.9912,-0.09912,-2.8607
0.8176,-0.08176,-2.4597
0.5466,-0.05466,-2.0417
0.1683,-0.01683,-1.6077
-0.027,0.0027,-0.9302
-0.225,0.0225,0.0156
-0.4248,0.04248,0.5038
-0.7258,0.07258,0.9988
-1.0261,0.10261,1.4983
-1.2217,0.12217,2.2508
-1.313,0.1313,3.0016
-1.472,0.1472,3.4906
-1.6003,0.16003,3.7188
-1.6626,0.16626,4.1163
-1.7826,0.17826,4.4371
-1.8403,0.18403,4.5928
-1.9504,0.19504,4.8928
-2.0028,0.20028,5.0371
-2.1014,0.21014,5.3123
-2.1475,0.21475,5.4433
-2.2331,0.22331,5.6898
-2.2724,0.22724,5.8051
-2.3436,0.23436,6.0191
-2.3754,0.23754,6.1173
-2.4309,0.24309,6.2953
-2.4545,0.24545,6.3748
-2.4754,0.24754,6.5136
-2.5083,0.25083,6.5726
-2.5204,0.25204,6.6248
-2.5354,0.25354,6.7071
-2.5384,0.25384,6.7373
-2.5349,0.25349,6.7748
-2.5284,0.25284,6.7823
-2.506,0.2506,6.7736
-2.4852,0.24852,6.7573
-2.3811,0.23811,6.7013
-2.3141,0.23141,6.6493
-2.1705,0.21705,6.3891
-2.0941,0.20941,6.2216
-1.9326,0.19326,5.8626
-1.8475,0.18475,5.6716
-1.5759,0.15759,5.2678
-1.3816,0.13816,5.0551
-1.1774,0.11774,4.3761
-0.9641,0.09641,3.8903
-0.7426,0.07426,3.3798
-0.629,0.0629,2.8466
-0.3968,0.03968,2.2928
-0.2783,0.02783,2.0088
-0.0375,0.00375,1.4283
0.0846,-0.00846,1.1321
0.2078,-0.02078,0.5301
0.4565,-0.04565,0.2248
0.5819,-0.05819,-0.0832
0.8339,-0.08339,-0.7049
0.9603,-0.09603,-1.0184
1.0867,-0.10867,-1.6484
1.3391,-0.13391,-1.9644
1.4648,-0.14648,-2.2804
1.7148,-0.17148,-2.9114
1.9619,-0.19619,-3.2257
2.0841,-0.20841,-3.8507
2.2051,-0.22051,-4.4684
2.4426,-0.24426,-4.7739
2.5588,-0.25588,-5.0764
2.4642,-0.24642,-5.6702
2.7778,-0.27778,-5.9607
2.9317,-0.29317,-5.7242
3.2613,-0.32613,-6.5082
3.5212,-0.35212,-6.8929
3.6535,-0.36535,-7.7169
3.9153,-0.39153,-8.3667
4.0404,-0.40404,-8.6974
4.279,-0.4279,-9.3519
4.3933,-0.43933,-9.6647
4.6162,-0.46162,-10.2612
4.7273,-0.47273,-10.5469
5.058,-0.5058,-11.1042
5.2679,-0.52679,-11.3819
5.4656,-0.54656,-12.2087
5.6489,-0.56489,-12.7334
5.7347,-0.57347,-13.2277
5.9717,-0.59717,-13.6859
6.0412,-0.60412,-13.9004
6.1048,-0.61048,-14.4929
6.1951,-0.61951,-14.6667
6.212,-0.6212,-14.8257
6.2174,-0.62174,-15.0514
6.2004,-0.62004,-15.0937
6.157,-0.6157,-15.1072
6.093,-0.6093,-15.0647
6.0415,-0.60415,-14.9562
5.9449,-0.59449,-14.7962
5.9064,-0.59064,-14.6674
5.8486,-0.58486,-14.4259
5.696,-0.5696,-14.3297
5.4982,-0.54982,-14.1852
5.3544,-0.53544,-13.8037
5.2764,-0.52764,-13.3092
5.1132,-0.51132,-12.9497
4.9462,-0.49462,-12.7547
4.7796,-0.47796,-12.3467
4.5292,-0.45292,-11.9292
4.2717,-0.42717,-11.5127
4.0914,-0.40914,-10.8867
3.9047,-0.39047,-10.2429
3.6155,-0.36155,-9.7922
3.3125,-0.33125,-9.3254
3.0839,-0.30839,-8.6024
2.6899,-0.26899,-7.8449
2.4038,-0.24038,-7.2734
2.1058,-0.21058,-6.2884
1.798,-0.1798,-5.5732
1.481,-0.1481,-4.8282
1.3193,-0.13193,-4.0587
0.9904,-0.09904,-3.2662
0.6548,-0.06548,-2.8619
0.3136,-0.03136,-2.0397
0.1414,-0.01414,-1.2007
-0.2054,0.02054,-0.3477
-0.3796,0.03796,0.0828
-0.7291,0.07291,0.9498
-1.0792,0.10792,1.3853
-1.429,0.1429,2.2591
-1.6035,0.16035,3.1343
-2.2214,0.22214,4.0088
-2.5411,0.25411,4.4451
-2.6619,0.26619,5.9898
-2.799,0.2799,6.7891
-3.0273,0.30273,7.0911
-3.2398,0.32398,7.4338
-3.4431,0.34431,8.0046
-3.5403,0.35403,8.5358
-3.7229,0.37229,9.0441
-3.8074,0.38074,9.2871
-3.9647,0.39647,9.7436
-4.1127,0.41127,9.9548
-4.2521,0.42521,10.3481
-4.4442,0.44442,10.7181
-4.566,0.4566,11.0666
-4.7433,0.47433,11.5468
-4.8002,0.48002,11.8513
-4.8533,0.48533,12.2946
-4.9438,0.49438,12.4368
-4.9804,0.49804,12.5696
-5.013,0.5013,12.7958
-5.