cte,steer,angle
0.7598,-0.83578,0
0.7598,-0.07598,0
0.7598,-0.07598,-20.4582
0.7598,-0.07598,-1.4632
0.7598,-0.07598,-1.4632
0.7598,-0.07598,-1.4632
0.7598,-0.07598,-1.4632
0.7599,-0.07609,-1.4632
0.7598,-0.07588,-1.4632
0.7597,-0.07587,-1.4659
0.7596,-0.07586,-1.4607
0.7595,-0.07585,-1.4604
0.7594,-0.07584,-1.4602
0.7593,-0.07583,-1.4599
0.7591,-0.07571,-1.4597
0.7588,-0.07558,-1.4594
0.7587,-0.07577,-1.4564
0.7584,-0.07554,-1.4532
0.7582,-0.07562,-1.4579
0.758,-0.0756,-1.4522
0.7577,-0.07547,-1.4542
0.7573,-0.07533,-1.4537
0.7569,-0.07529,-1.4504
0.7567,-0.07547,-1.4469
0.7562,-0.07512,-1.4459
0.7557,-0.07507,-1.4504
0.7555,-0.07535,-1.4417
0.7549,-0.07489,-1.4404
0.7546,-0.07516,-1.4474
0.754,-0.0748,-1.4359
0.7536,-0.07496,-1.4427
0.7529,-0.07459,-1.4337
0.7522,-0.07452,-1.4377
0.7514,-0.07434,-1.4284
0.7509,-0.07459,-1.4267
0.75,-0.0741,-1.4222
0.7496,-0.07456,-1.4284
0.7486,-0.07386,-1.4162
0.7475,-0.07365,-1.4277
0.7464,-0.07354,-1.4102
0.7458,-0.07398,-1.4049
0.7446,-0.07326,-1.4022
0.744,-0.0738,-1.4132
0.7427,-0.07297,-1.3952
0.7413,-0.07273,-1.4087
0.7398,-0.07248,-1.3879
0.739,-0.0731,-1.3819
0.7374,-0.07214,-1.3757
0.7356,-0.07176,-1.3912
0.7347,-0.07257,-1.3672
0.7328,-0.07138,-1.3577
0.7318,-0.07218,-1.3779
0.7287,-0.06977,-1.3482
0.7276,-0.07166,-1.3682
0.7253,-0.07023,-1.3079
0.7242,-0.07132,-1.3552
0.7217,-0.06967,-1.3194
0.7192,-0.06942,-1.3467
0.7178,-0.07038,-1.3054
0.7151,-0.06881,-1.2992
0.7122,-0.06832,-1.3232
0.7092,-0.06792,-1.2839
0.7077,-0.06927,-1.2717
0.7045,-0.06725,-1.2617
0.7012,-0.06682,-1.2954
0.6977,-0.06627,-1.2449
0.6942,-0.06592,-1.2342
0.6923,-0.06733,-1.2204
0.6825,-0.05845,-1.2117
0.6783,-0.06363,-1.2469
0.6762,-0.06552,-1.0249
0.6718,-0.06278,-1.1544
0.6672,-0.06212,-1.2017
0.6625,-0.06155,-1.1332
0.6576,-0.06086,-1.1167
0.6551,-0.06301,-1.1024
0.65,-0.0599,-1.0852
0.6447,-0.05917,-1.1389
0.6392,-0.05842,-1.0612
0.634,-0.0582,-1.0429
0.6317,-0.06087,-1.0242
0.6281,-0.05921,-1.0187
0.6261,-0.06061,-1.0854
0.6265,-0.06305,-1.0439
0.6303,-0.06683,-1.0789
0.6225,-0.05445,-1.1399
0.6178,-0.05708,-1.2344
0.6144,-0.05804,-0.9249
0.6132,-0.06012,-0.9907
0.6113,-0.05923,-1.0147
0.6107,-0.06047,-1.0667
0.6097,-0.05997,-1.0444
0.6092,-0.06042,-1.0754
0.6089,-0.06059,-1.0629
0.6089,-0.06089,-1.0742
0.6087,-0.06067,-1.0784
0.6086,-0.06076,-1.0859
0.6083,-0.06053,-1.0804
0.6078,-0.06028,-1.0827
0.6075,-0.06045,-1.0769
0.6067,-0.05987,-1.0707
0.6058,-0.05968,-1.0749
0.6047,-0.05937,-1.0604
0.6041,-0.05981,-1.0557
0.6027,-0.05887,-1.0479
0.602,-0.0595,-1.0589
0.6004,-0.05844,-1.0354
0.5995,-0.05905,-1.0512
0.5976,-0.05786,-1.0247
0.5955,-0.05745,-1.0399
0.5932,-0.05702,-1.0102
0.5907,-0.05657,-0.9999
0.5894,-0.05764,-0.9892
0.5866,-0.05586,-0.9779
0.5851,-0.05701,-1.0047
0.582,-0.0551,-0.9602
0.5804,-0.05644,-0.9889
0.5769,-0.05419,-0.9412
0.5733,-0.05373,-0.9747
0.5694,-0.05304,-0.9184
0.5674,-0.05474,-0.9069
0.561,-0.0497,-0.8897
0.5541,-0.04851,-0.9322
0.5517,-0.05277,-0.8062
0.5468,-0.04978,-0.7764
0.5416,-0.04896,-0.8829
0.5362,-0.04822,-0.8082
0.5334,-0.05054,-0.7877
0.5277,-0.04707,-0.7692
0.5218,-0.04628,-0.8272
0.5156,-0.04536,-0.7404
0.5125,-0.04815,-0.7207
0.5061,-0.04421,-0.6977
0.4995,-0.04335,-0.7674
0.496,-0.0461,-0.6689
0.4891,-0.04201,-0.6474
0.4856,-0.04506,-0.7162
0.4782,-0.04042,-0.6139
0.4707,-0.03957,-0.6902
0.463,-0.0386,-0.5742
0.4591,-0.04201,-0.5529
0.4511,-0.03711,-0.5287
0.4471,-0.04071,-0.6139
0.4388,-0.03558,-0.4914
0.4303,-0.03453,-0.5814
0.4259,-0.03819,-0.4532
0.4172,-0.03302,-0.4269
0.4083,-0.03193,-0.5184
0.4038,-0.03588,-0.3892
0.3947,-0.03037,-0.3619
0.3854,-0.02924,-0.4607
0.3806,-0.03326,-0.3229
0.3711,-0.02761,-0.2947
0.3614,-0.02644,-0.3952
0.3566,-0.03086,-0.2539
0.3467,-0.02477,-0.2247
0.3367,-0.02367,-0.3352
0.3316,-0.02806,-0.1829
0.3215,-0.02205,-0.1554
0.3112,-0.02082,-0.2652
0.3061,-0.02551,-0.1149
0.2958,-0.01928,-0.0842
0.2853,-0.01803,-0.2014
0.2747,-0.01687,-0.0457
0.2694,-0.02164,-0.0144
0.2588,-0.01528,0.0146
0.2535,-0.02005,-0.1047
0.2429,-0.01369,0.0543
0.2322,-0.01252,-0.0649
0.2215,-0.01145,0.0941
0.2108,-0.01038,0.1233
0.2002,-0.00942,0.1501
0.1948,-0.01408,0.1768
0.1843,-0.00793,0.2008
0.1791,-0.01271,0.0843
0.1686,-0.00636,0.2381
0.1581,-0.00531,0.1186
0.1477,-0.00437,0.2773
0.1425,-0.00905,0.3036
0.1323,-0.00303,0.3271
0.1272,-0.00762,0.2101
0.1172,-0.00172,0.3606
0.1072,-0.00072,0.2458
0.0974,6e-05,0.3933
0.0925,-0.00435,0.4183
0.0829,0.00131,0.4378
0.0735,0.00205,0.3276
0.0642,0.00288,0.4691
0.0552,0.00348,0.4876
0.0422,0.00878,0.5083
0.0337,0.00513,0.5233
0.0256,0.00554,0.6558
0.0139,0.01031,0.5646
0.0065,0.00675,0.5748
-0.0038,0.01068,0.6941
-0.0088,0.00588,0.6051
-0.0119,0.00429,0.7033
-0.0116,0.00086,0.5833
-0.0076,-0.00324,0.5436
0.0021,-0.00991,0.4578
0.0111,-0.01011,0.3553
0.0315,-0.02355,0.1886
0.0418,-0.01448,0.1836
0.0521,-0.01551,-0.1524
0.0675,-0.02215,0.0743
0.0778,-0.01808,0.0486
0.0882,-0.01922,-0.1174
0.0985,-0.02015,-0.0157
0.1088,-0.02118,-0.0442
0.1191,-0.02221,-0.0674
0.1294,-0.02324,-0.0932
0.1397,-0.02427,-0.1189
0.1499,-0.02519,-0.1447
0.16,-0.0261,-0.1704
0.1651,-0.02161,-0.1934
0.175,-0.0274,-0.2162
0.185,-0.0285,-0.1039
0.1948,-0.02928,-0.2487
0.2045,-0.03015,-0.2762
0.2139,-0.03079,-0.2957
0.2233,-0.03173,-0.3174
0.2324,-0.03234,-0.3334
0.2456,-0.03776,-0.3569
0.2542,-0.03402,-0.3722
0.2624,-0.03444,-0.5077
0.2704,-0.03504,-0.4142
0.2781,-0.03551,-0.4247
0.2855,-0.03595,-0.4397
0.2961,-0.04021,-0.4514
0.3028,-0.03698,-0.4624
0.3091,-0.03721,-0.5689
0.3179,-0.04059,-0.4882
0.3309,-0.04609,-0.4939
0.3354,-0.03804,-0.5784
0.3394,-0.03794,-0.7159
0.343,-0.0379,-0.5147
0.3477,-0.03947,-0.5122
0.3516,-0.03906,-0.5112
0.3537,-0.03747,-0.5504
0.3566,-0.03856,-0.5402
0.3575,-0.03665,-0.5004
0.3577,-0.03597,-0.5277
0.358,-0.0361,-0.4799
0.3578,-0.03558,-0.4629
0.3561,-0.03391,-0.4662
0.3547,-0.03407,-0.4532
0.3519,-0.03239,-0.4114
0.3496,-0.03266,-0.4154
0.3442,-0.02902,-0.3734
0.3409,-0.03079,-0.3802
0.3374,-0.03024,-0.2892
0.3334,-0.02934,-0.3334
0.3339,-0.03389,-0.3197
0.3388,-0.03878,-0.2972
0.3474,-0.04334,-0.4109
0.3583,-0.04673,-0.5332
0.3706,-0.04936,-0.6472
0.3823,-0.04993,-0.7319
0.3934,-0.05044,-0.7977
0.4038,-0.05078,-0.8119
0.4135,-0.05105,-0.8247
0.4224,-0.05114,-0.8332
0.4307,-0.05137,-0.8399
0.4382,-0.05132,-0.8422
0.445,-0.0513,-0.8479
0.451,-0.0511,-0.8467
0.4586,-0.05346,-0.8462
0.4627,-0.05037,-0.8412
0.4673,-0.05133,-0.9002
0.4702,-0.04992,-0.8229
0.4711,-0.04801,-0.8469
0.4712,-0.04722,-0.8117
0.4706,-0.04646,-0.7639
0.4692,-0.04552,-0.7442
0.4672,-0.04472,-0.7252
0.4627,-0.04177,-0.7017
0.4589,-0.04209,-0.6817
0.4544,-0.04094,-0.6079
0.4465,-0.03675,-0.6159
0.4405,-0.03805,-0.5872
0.4339,-0.03679,-0.4824
0.4267,-0.03547,-0.5149
0.415,-0.0298,-0.4834
0.4022,-0.02742,-0.4504
0.3931,-0.03021,-0.3087
0.3836,-0.02886,-0.2492
0.3738,-0.02758,-0.3189
0.3585,-0.02055,-0.2852
0.3478,-0.02408,-0.2532
0.337,-0.0229,-0.0774
0.3203,-0.01533,-0.1657
0.3089,-0.01949,-0.1362
0.2918,-0.01208,0.0531
0.2802,-0.01642,-0.0509
0.2687,-0.01537,0.1343
0.2576,-0.01466,0.0258
0.2504,-0.01784,0.0521
0.2479,-0.02229,0.0698
0.2517,-0.02897,-0.0097
0.2597,-0.03397,-0.1209
0.2691,-0.03631,-0.2879
0.2781,-0.03681,-0.4129
0.2908,-0.04178,-0.4714
0.2987,-0.03777,-0.4839
0.3061,-0.03801,-0.6082
0.3129,-0.03809,-0.5079
0.3192,-0.03822,-0.5139
0.325,-0.0383,-0.5159
0.3302,-0.03822,-0.5192
0.3326,-0.03566,-0.5212
0.337,-0.0381,-0.5192
0.3408,-0.03788,-0.4552
0.3441,-0.03771,-0.5162
0.3468,-0.03738,-0.5107
0.349,-0.0371,-0.5064
0.3505,-0.03655,-0.4982
0.3515,-0.03615,-0.4912
0.352,-0.0357,-0.4774
0.3518,-0.03498,-0.4674
0.3512,-0.03452,-0.4562
0.3499,-0.03369,-0.4382
0.3459,-0.03059,-0.4267
0.3446,-0.03316,-0.4059
0.3399,-0.02929,-0.3284
0.3362,-0.02992,-0.3927
0.3321,-0.02911,-0.2959
0.3275,-0.02815,-0.3117
0.3226,-0.02736,-0.2914
0.3172,-0.02632,-0.2674
0.3116,-0.02556,-0.2477
0.3055,-0.02445,-0.2217
0.2959,-0.01999,-0.2027
0.2892,-0.02222,-0.1749
0.2822,-0.02122,-0.0634
0.2751,-0.02041,-0.1192
0.2677,-0.01937,-0.0942
0.2603,-0.01863,-0.0739
0.2565,-0.02185,-0.0479
0.2488,-0.01718,-0.0294
0.241,-0.0163,-0.1099
0.2294,-0.01134,0.0068
0.2262,-0.01942,0.0288
0.2283,-0.02493,0.1528
0.233,-0.028,-0.0492
0.2427,-0.03397,-0.1869
0.2557,-0.03857,-0.2637
0.2687,-0.03987,-0.4129
0.2812,-0.04062,-0.5279
0.2931,-0.04121,-0.5604
0.3044,-0.04174,-0.5792
0.315,-0.0421,-0.5939
0.3249,-0.04239,-0.6072
0.3342,-0.04272,-0.6162
0.3427,-0.04277,-0.6234
0.3505,-0.04285,-0.6317
0.3575,-0.04275,-0.6329
0.3637,-0.04257,-0.6349
0.3691,-0.04231,-0.6324
0.3737,-0.04197,-0.6279
0.3775,-0.04155,-0.6214
0.3805,-0.04105,-0.6129
0.3826,-0.04036,-0.6024
0.384,-0.0398,-0.5899
0.3846,-0.03906,-0.5727
0.3844,-0.03824,-0.5587
0.3834,-0.03734,-0.5402
0.3806,-0.03526,-0.5197
0.3793,-0.03663,-0.4972
0.3761,-0.03441,-0.4452
0.3723,-0.03343,-0.4794
0.3678,-0.03228,-0.4239
0.3627,-0.03117,-0.3994
0.357,-0.03,-0.3707
0.3507,-0.02877,-0.3429
0.3439,-0.02759,-0.3137
0.3365,-0.02625,-0.2829
0.3288,-0.02518,-0.2534
0.3206,-0.02386,-0.2199
0.312,-0.0226,-0.1932
0.3031,-0.02141,-0.1602
0.2939,-0.02019,-0.1287
0.2844,-0.01894,-0.0989
0.2747,-0.01777,-0.0684
0.2598,-0.01108,-0.0372
0.2498,-0.01498,-0.0079
0.2397,-0.01387,0.1593
0.2297,-0.01297,0.0618
0.2246,-0.01736,0.0896
0.2146,-0.01146,0.1121
0.2066,-0.01266,0.0023
0.2072,-0.02132,0.1498
0.2173,-0.03183,0.1198
0.2304,-0.03614,-0.0967
0.2428,-0.03668,-0.3594
0.2711,-0.05541,-0.4672
0.2989,-0.05769,-0.4807
0.3518,-0.08808,-1.0059
0.3765,-0.06235,-1.0059
0.3882,-0.05052,-1.7657
0.4213,-0.07523,-1.1224
0.4418,-0.06468,-0.8267
0.4608,-0.06508,-1.4444
0.4781,-0.06511,-1.1807
0.4938,-0.06508,-1.1907
0.501,-0.0573,-1.1914
0.5143,-0.06473,-1.1907
0.5313,-0.07013,-0.9962
0.5407,-0.06347,-1.1819
0.5482,-0.06232,-1.3169
0.554,-0.0612,-1.1504
0.558,-0.0598,-1.1217
0.5604,-0.05844,-1.0937
0.5612,-0.05692,-1.0587
0.5602,-0.05502,-1.0247
0.5578,-0.05338,-0.9867
0.5511,-0.04841,-0.9392
0.5481,-0.05181,-0.8982
0.5411,-0.04711,-0.7739
0.528,-0.0397,-0.8589
0.5175,-0.04125,-0.7414
0.5059,-0.03899,-0.5562
0.4996,-0.04366,-0.5949
0.4864,-0.03544,-0.5384
0.4719,-0.03269,-0.6552
0.4565,-0.03025,-0.4497
0.4402,-0.02772,-0.3809
0.4232,-0.02532,-0.3199
0.4078,-0.02538,-0.2567
0.397,-0.0289,-0.1967
0.3894,-0.03134,-0.1982
0.3863,-0.03553,-0.2862
0.3834,-0.03544,-0.3472
0.3797,-0.03427,-0.4519
0.3753,-0.03313,-0.4497
0.3673,-0.02873,-0.4204
0.3612,-0.03002,-0.3919
0.3544,-0.02864,-0.2819
0.3471,-0.02741,-0.3142
0.3393,-0.02613,-0.2797
0.3266,-0.01996,-0.2489
0.3175,-0.02265,-0.2169
0.3129,-0.02669,-0.0627
0.3033,-0.02073,-0.1299
0.2933,-0.01933,-0.2309
0.283,-0.018,-0.0819
0.2724,-0.01664,-0.0469
0.2617,-0.01547,-0.0137
0.2563,-0.02023,0.0203
0.2454,-0.01364,0.0496
0.2343,-0.01233,-0.0694
0.2232,-0.01122,0.0953
0.2122,-0.01022,0.1281
0.2066,-0.01506,0.1558
0.1957,-0.00867,0.1808
0.1849,-0.00769,0.0598
0.1741,-0.00661,0.2196
0.1637,-0.00597,0.2441
0.1535,-0.00515,0.2711
0.1485,-0.00985,0.2871
0.1388,-0.00418,0.3076
0.1294,-0.00354,0.1901
0.123,-0.0059,0.3318
-0.1563,0.29493,0.3478
0.1525,-0.32405,0.2888
0.1807,-0.04627,7.8096
0.2164,-0.05734,-7.6649
0.2506,-0.05926,-0.7204
0.2674,-0.04354,-0.9972
0.3002,-0.06282,-1.0452
0.3162,-0.04762,-0.6522
0.3473,-0.06583,-1.1342
0.3625,-0.05145,-0.7542
0.3917,-0.06837,-1.2094
0.4196,-0.06986,-0.8499
0.433,-0.0567,-1.2729
0.4585,-0.07135,-1.3102
0.4825,-0.07225,-0.9812
0.4938,-0.06068,-1.3474
0.515,-0.0727,-1.3699
0.5345,-0.07295,-1.0807
0.5435,-0.06335,-1.3812
0.5599,-0.07239,-1.3874
0.5744,-0.07194,-1.1474
0.5809,-0.06459,-1.3734
0.5923,-0.07063,-1.3622
0.6017,-0.06957,-1.1784
0.6089,-0.06809,-1.3294
0.6177,-0.07057,-1.3029
0.6162,-0.06012,-1.2659
0.6126,-0.05766,-1.3279
0.6099,-0.05829,-1.0667
0.6033,-0.05373,-1.0052
0.5946,-0.05076,-1.0209
0.5842,-0.04802,-0.9069
0.5653,-0.03763,-0.8327
0.5506,-0.04036,-0.7642
0.5346,-0.03746,-0.5044
0.5172,-0.03432,-0.5727
0.508,-0.0416,-0.5002
0.4889,-0.02979,-0.4217
0.4685,-0.02645,-0.6037
0.4471,-0.02331,-0.3084
0.4248,-0.02018,-0.2249
0.3901,-0.00431,-0.1464
0.3663,-0.01283,-0.0682
0.3543,-0.02343,0.3286
0.3301,-0.00881,0.1156
0.3055,-0.00595,-0.1494
0.2684,0.01026,0.2161
0.2437,0.00033,0.2876
0.2249,-0.00369,0.6928
0.2243,-0.02183,0.4446
0.2228,-0.02078,0.3441
0.2297,-0.02987,-0.1094
0.2645,-0.06125,-0.0832
0.2995,-0.06495,-0.3104
0.3336,-0.06746,-1.0949
0.3664,-0.06944,-1.1874
0.3977,-0.07107,-1.2502
0.4273,-0.07233,-1.2997
0.4552,-0.07342,-1.3404
0.4812,-0.07412,-1.3719
0.5053,-0.07463,-1.3992
0.5273,-0.07473,-1.4167
0.547,-0.0744,-1.4294
0.5646,-0.07406,-1.4319
0.5799,-0.07329,-1.4237
0.5928,-0.07218,-1.4152
0.6034,-0.07094,-1.3959
0.6116,-0.06936,-1.3682
0.6174,-0.06754,-1.3372
0.6217,-0.06647,-1.2977
0.622,-0.0625,-1.2522
0.6208,-0.06088,-1.2254
0.6149,-0.05559,-1.1262
0.6083,-0.05423,-1.0857
0.5999,-0.05159,-0.9534
0.6022,-0.06252,-0.9194
0.6174,-0.07694,-0.8534
0.6438,-0.09078,-1.1267
0.6514,-0.07274,-1.4872
0.6646,-0.07966,-1.8332
0.6751,-0.07801,-1.3822
0.6861,-0.07961,-1.5552
0.69,-0.0729,-1.5139
0.6912,-0.07032,-1.5539
0.6898,-0.06758,-1.3862
0.6858,-0.06458,-1.3217
0.6794,-0.06154,-1.2532
0.6706,-0.05826,-1.1782
0.6594,-0.05474,-1.1022
0.6385,-0.04295,-1.0202
0.622,-0.0457,-0.9322
0.5938,-0.03118,-0.6374
0.5729,-0.03639,-0.7062
0.5506,-0.03276,-0.3432
0.527,-0.0291,-0.4734
0.5021,-0.02531,-0.3827
0.4762,-0.02172,-0.2912
0.4825,-0.05455,-0.1964
0.473,-0.0378,-0.1067
0.5073,-0.08503,-0.9274
0.5448,-0.09198,-0.5087
0.5979,-0.11289,-1.6894
0.6301,-0.09521,-1.8632
0.659,-0.0948,-2.3859
0.6847,-0.09417,-1.9439
0.7073,-0.09333,-1.9337
0.7267,-0.09207,-1.9179
0.7429,-0.09049,-1.8969
0.7557,-0.08837,-1.8654
0.7653,-0.08613,-1.8259
0.7716,-0.08346,-1.7729
0.7747,-0.08057,-1.7169
0.775,-0.0778,-1.6502
0.7732,-0.07552,-1.5779
0.7684,-0.07204,-1.5087
0.7606,-0.06826,-1.4517
0.7498,-0.06418,-1.3647
0.7363,-0.06013,-1.2702
0.72,-0.0557,-1.1682
0.7013,-0.05143,-1.0669
0.6802,-0.04692,-0.9562
0.6568,-0.04228,-0.8494
0.6315,-0.03785,-0.7367
0.6043,-0.03323,-0.6207
0.5754,-0.02864,-0.5099
0.5451,-0.02421,-0.3944
0.5134,-0.01964,-0.2797
0.4808,-0.01548,-0.1689
0.4472,-0.01112,-0.0547
0.4129,-0.00699,0.0493
0.3956,-0.02226,0.1583
0.3608,-0.00128,0.2616
0.3255,0.00275,-0.1202
0.3078,-0.01308,0.4043
0.2725,0.00805,0.5051
0.2372,0.01158,0.1093
0.2022,0.01478,0.6376
0.1678,0.01762,0.7258
0.1343,0.02007,0.8058
0.1179,0.00461,0.8768
0.086,0.0233,0.9381
0.0801,-0.00211,0.5516
0.1711,-0.10811,1.0188
0.063,0.1018,0.3836
0.097,-0.0437,-2.2664
0.1331,-0.04941,2.9813
0.17,-0.0539,-0.6562
0.2063,-0.05693,-0.7989
0.2419,-0.05979,-0.9112
0.2766,-0.06236,-0.9869
0.2935,-0.04625,-1.0584
0.3263,-0.06543,-1.1227
0.3581,-0.06761,-0.7199
0.3885,-0.06925,-1.1994
0.4171,-0.07031,-1.2539
0.4439,-0.07119,-1.2949
0.4687,-0.07167,-1.3214
0.4914,-0.07184,-1.3434
0.512,-0.0718,-1.3554
0.5385,-0.08035,-1.3597
0.5706,-0.08916,-1.3587
0.6331,-0.12581,-1.5724
0.7684,-0.21214,-1.7927
0.8563,-0.17353,-2.7089
0.9378,-0.17528,-4.8672
0.9761,-0.13591,-3.9019
1.048,-0.1767,-3.9457
1.1142,-0.17762,-2.9614
1.1739,-0.17709,-3.9812
1.2267,-0.17547,-4.0042
1.2723,-0.17283,-3.9909
1.3107,-0.16947,-3.9504
1.3272,-0.14922,-3.8844
1.3548,-0.16308,-3.8004
1.3755,-0.15825,-3.2942
1.3891,-0.15251,-3.6407
1.3957,-0.14617,-3.5199
1.3963,-0.14023,-3.3764
1.3925,-0.13545,-3.2179
1.3821,-0.12781,-3.0694
1.3652,-0.11962,-2.9499
1.3543,-0.12453,-2.7589
1.3282,-0.10672,-2.5542
1.2961,-0.09751,-2.6769
1.2584,-0.08814,-2.2317
1.2376,-0.10296,-2.0014
1.2056,-0.08856,-1.7672
1.2084,-0.12364,-2.1377
1.2467,-0.16297,-1.7777
1.2692,-0.14942,-2.6547
1.3093,-0.17103,-3.6379
1.343,-0.168,-3.2992
1.3573,-0.15003,-3.8394
1.3808,-0.16158,-3.7637
1.3977,-0.15667,-3.3144
1.4078,-0.15088,-3.6032
1.411,-0.1443,-3.4804
1.4075,-0.13725,-3.3357
1.3974,-0.12964,-3.1712
1.3808,-0.12148,-2.9949
1.358,-0.113,-2.8047
1.3292,-0.10412,-2.6007
1.3126,-0.11466,-2.3887
1.255,-0.0679,-2.1667
1.1959,-0.06049,-2.4302
1.2076,-0.13246,-1.2612
1.2157,-0.12967,-1.0759
1.2189,-0.12509,-2.8752
1.2166,-0.11936,-2.8054
1.2032,-0.10692,-2.6909
1.1877,-0.10327,-2.5477
1.1781,-0.10821,-2.2367
1.1555,-0.09295,-2.1454
1.128,-0.0853,-2.2689
1.0961,-0.07771,-1.8874
1.06,-0.0699,-1.6962
1.0199,-0.06189,-1.5064
0.9763,-0.05403,-1.3112
0.9532,-0.07222,-1.1109
0.9047,-0.04197,-0.9144
0.853,-0.0336,-1.3692
0.7985,-0.02535,-0.6129
0.7419,-0.01759,-0.4037
0.6834,-0.00984,-0.1974
0.6536,-0.03556,-0.0034
0.5932,0.00108,0.1903
0.5314,0.00866,-0.4527
0.4688,0.01572,0.4633
0.4374,-0.01234,0.6528
0.3748,0.02512,0.8293
0.3148,0.02852,0.1278
0.2932,-0.00772,1.0643
0.3373,-0.07783,1.1493
0.4261,-0.13141,0.2433
0.5137,-0.13897,-1.5094
0.5564,-0.09834,-2.8489
0.6389,-0.14639,-3.0379
0.7182,-0.15112,-2.0222
0.7933,-0.15443,-3.2234
0.8637,-0.15677,-3.3417
0.8969,-0.12289,-3.4244
0.9591,-0.15811,-3.4829
0.9884,-0.12814,-2.6359
1.0425,-0.15835,-3.5164
1.0911,-0.15771,-2.7672
1.1336,-0.15586,-3.5224
1.1697,-0.15307,-3.5064
1.1993,-0.14953,-3.4602
1.2116,-0.13346,-3.3904
1.2312,-0.14272,-3.3019
1.2387,-0.13137,-2.9002
1.2512,-0.13762,-3.1317
1.2798,-0.15658,-2.8479
1.3015,-0.15185,-3.0042
1.328,-0.1593,-3.4782
1.376,-0.1856,-3.3599
1.3974,-0.16114,-3.5462
1.4341,-0.18011,-4.2037
1.4634,-0.17564,-3.5922
1.485,-0.1701,-4.0664
1.4986,-0.16346,-3.9547
1.5025,-0.15415,-3.8162
1.5044,-0.15234,-3.6502
1.5028,-0.14868,-3.4174
1.4938,-0.14038,-3.3722
1.4667,-0.11957,-3.2807
1.4397,-0.11697,-3.0732
1.3871,-0.08611,-2.5529
1.3745,-0.12485,-2.4879
1.3744,-0.13734,-1.7164
1.4175,-0.18485,-2.6849
1.5197,-0.25417,-2.9972
1.5808,-0.21918,-4.1849
1.6078,-0.18778,-5.9179
1.6549,-0.21259,-5.0432
1.6933,-0.20773,-4.2582
1.7227,-0.20167,-4.8784
1.7428,-0.19438,-4.7569
1.7536,-0.18616,-4.6054
1.7552,-0.17712,-4.4232
1.7408,-0.15968,-4.2177
1.7315,-0.16385,-3.9917
1.6913,-0.12893,-3.5557
1.6542,-0.12832,-3.6599
1.6094,-0.11614,-2.7869
1.5844,-0.13344,-2.7717
1.5292,-0.09772,-2.4672
1.4671,-0.08461,-2.8997
1.4337,-0.10997,-2.0067
1.3627,-0.06527,-1.6789
1.2859,-0.05179,-2.3129
1.2456,-0.08426,-1.1954
1.162,-0.0326,-0.8584
1.0738,-0.01918,-1.6702
1.0283,-0.05733,-0.3787
0.9355,-0.00075,-0.0432
0.8879,-0.04119,-0.9969
0.7956,0.01274,0.4176
0.7338,-0.01158,-0.5934
0.7207,-0.05897,0.7548
0.7231,-0.07471,0.1468
0.7413,-0.09233,-1.0379
0.7569,-0.09129,-1.4314
0.7636,-0.08306,-1.8719
0.7746,-0.08846,-1.8459
0.7824,-0.08604,-1.6402
0.7851,-0.08121,-1.7752
0.7881,-0.08181,-1.7147
0.7879,-0.07859,-1.5939
0.7866,-0.07736,-1.6089
0.7816,-0.07316,-1.5284
0.7779,-0.07409,-1.4977
0.7682,-0.06712,-1.3927
0.7555,-0.06285,-1.4159
0.748,-0.0673,-1.2417
0.731,-0.0561,-1.1349
0.7111,-0.05121,-1.2462
0.6886,-0.04636,-0.9662
0.6764,-0.05544,-0.8439
0.6504,-0.03904,-0.7227
0.622,-0.0338,-0.9497
0.6071,-0.04581,-0.5397
0.5759,-0.02639,-0.4087
0.5428,-0.02118,-0.7089
0.5256,-0.03536,-0.2234
0.4997,-0.02407,-0.0932
0.4949,-0.04469,-0.4477
0.5037,-0.05917,-0.1654
0.5168,-0.06478,-0.6809
0.528,-0.064,-1.0429
0.5328,-0.05808,-1.1832
0.5408,-0.06208,-1.1637
0.5441,-0.05771,-1.0157
0.5506,-0.06156,-1.1157
0.5518,-0.05638,-1.0064
0.5524,-0.05584,-1.1027
0.5509,-0.05359,-0.9732
0.5493,-0.05333,-0.9597
0.5473,-0.05273,-0.9034
0.5417,-0.04857,-0.8969
0.5341,-0.04581,-0.8819
0.5296,-0.04846,-0.7779
0.5192,-0.04152,-0.7089
0.5522,-0.08822,-0.7752
0.5772,-0.08272,-0.6017
0.6076,-0.09116,-1.7692
0.6714,-0.13094,-1.6317
0.7022,-0.10102,-1.8427
0.7604,-0.13424,-2.8372
0.8146,-0.13566,-2.0892
0.84,-0.1094,-2.9197
0.9288,-0.18168,-2.9552
0.9479,-0.11389,-2.2987
0.9808,-0.13098,-4.1057
1.0081,-0.12811,-2.4109
1.0196,-0.11346,-2.8382
1.0384,-0.12264,-2.7664
1.0517,-0.11847,-2.4002
1.0594,-0.11364,-2.6297
1.0615,-0.10825,-2.5254
1.0582,-0.10252,-2.4047
1.0545,-0.10175,-2.2699
1.0434,-0.09324,-2.1267
1.0359,-0.09609,-2.1074
1.0174,-0.08324,-1.8947
0.994,-0.076,-1.9659
0.966,-0.0686,-1.6447
0.9505,-0.07955,-1.4637
0.9165,-0.05765,-1.2787
0.8786,-0.04996,-1.5524
0.8583,-0.06553,-1.0049
0.8155,-0.03875,-0.8127
0.7694,-0.03084,-1.2019
0.7454,-0.05054,-0.5324
0.6956,-0.01976,-0.3347
0.6434,-0.01214,-0.8272
0.5893,-0.00483,-0.0577
0.5371,-0.00151,0.1328
0.5063,-0.01983,0.3156
0.484,-0.0261,0.3986
0.4845,-0.04895,-0.0594
0.4847,-0.04867,-0.2162
0.4836,-0.04726,-0.7874
0.4825,-0.04715,-0.7804
0.4791,-0.04451,-0.7452
0.4741,-0.04241,-0.7424
0.4678,-0.04048,-0.6764
0.464,-0.0426,-0.6239
0.4556,-0.03716,-0.5757
0.4457,-0.03467,-0.6287
0.4403,-0.03863,-0.4927
0.4286,-0.03116,-0.4304
0.4156,-0.02856,-0.5294
0.4087,-0.03397,-0.3427
0.3942,-0.02492,-0.2777
0.3787,-0.02237,-0.4129
0.3706,-0.02896,-0.1867
0.3538,-0.01858,-0.1229
0.3362,-0.01602,-0.2877
0.3272,-0.02372,-0.0282
0.3088,-0.01248,0.0358
0.2898,-0.00998,-0.1567
0.2802,-0.01842,0.1243
0.2609,-0.00679,0.1868
0.259,-0.024,-0.0242
0.2655,-0.03305,0.2666
0.2749,-0.03689,-0.1637
0.3044,-0.05994,-0.3899
0.3351,-0.06421,-0.4859
0.35,-0.0499,-1.0622
0.3785,-0.06635,-1.1689
0.3923,-0.05303,-0.8112
0.4184,-0.06794,-1.2224
0.4429,-0.06879,-0.8894
0.4655,-0.06915,-1.2622
0.476,-0.0581,-1.2834
0.4953,-0.06883,-1.2924
0.5042,-0.05932,-1.0162
0.5203,-0.06813,-1.2844
0.5342,-0.06732,-1.0467
0.5403,-0.06013,-1.2669
0.5549,-0.07009,-1.2467
0.5585,-0.05945,-1.0669
0.5657,-0.06377,-1.3159
0.5673,-0.05833,-1.0499
0.5665,-0.05585,-1.1579
0.5652,-0.05522,-1.0219
0.5634,-0.05454,-0.9599
0.5579,-0.05029,-0.9442
0.5502,-0.04732,-0.9272
0.5455,-0.04985,-0.8209
0.5347,-0.04267,-0.7467
0.5285,-0.04665,-0.8099
0.5147,-0.03767,-0.6304
0.499,-0.0342,-0.7299
0.4905,-0.04055,-0.5054
0.4724,-0.02914,-0.4187
0.4526,-0.02546,-0.5774
0.4422,-0.03382,-0.2922
0.4206,-0.02046,-0.2002
0.3977,-0.01687,-0.4092
0.3859,-0.02679,-0.0752
0.3617,-0.01197,0.0146
0.3493,-0.02253,-0.2334
0.324,-0.0071,0.1371
0.3037,-0.01007,-0.1269
0.3049,-0.03169,0.2588
0.3048,-0.03038,0.1846
0.3004,-0.02564,-0.3559
0.3119,-0.04269,-0.3232
0.3198,-0.03988,-0.2047
0.3348,-0.04848,-0.6309
0.342,-0.0414,-0.5607
0.3554,-0.04894,-0.7757
0.3676,-0.04896,-0.5987
0.3786,-0.04886,-0.7872
0.3835,-0.04325,-0.7877
0.3924,-0.04814,-0.7852
0.3999,-0.04749,-0.6449
0.406,-0.0467,-0.7672
0.4084,-0.04324,-0.7509
0.4137,-0.04667,-0.7312
0.4147,-0.04247,-0.6447
0.4156,-0.04246,-0.7304
0.4155,-0.04145,-0.6254
0.4142,-0.04012,-0.6252
0.4115,-0.03845,-0.5999
0.4097,-0.03917,-0.5667
0.4049,-0.03569,-0.5249
0.3989,-0.03389,-0.5429
0.3954,-0.03604,-0.4559
0.3875,-0.03085,-0.4109
0.3626,-0.01136,-0.4647
0.3568,-0.02988,-0.3349
0.3448,-0.02248,0.1523
0.332,-0.0204,-0.3107
0.3185,-0.01835,-0.1257
0.3115,-0.02415,-0.0737
0.2971,-0.01531,-0.0224
0.2822,-0.01332,-0.1674
0.2669,-0.01139,0.0536
0.2514,-0.00964,0.1033
0.2357,-0.00787,0.1516
0.2278,-0.01488,0.1953
0.2044,0.00296,0.2396
0.1966,-0.01186,0.0643
0.1813,-0.00283,0.5103
0.1662,-0.00152,0.1398
0.1588,-0.00848,0.3656
0.1373,0.00777,0.3983
0.1236,0.00134,0.2243
0.1105,0.00205,0.6306
0.0981,0.00259,0.4698
0.0866,0.00284,0.4876
0.0812,-0.00272,0.5011
0.0709,0.00321,0.5073
0.0615,0.00325,0.3683
0.0571,-0.00131,0.5166
0.049,0.0032,0.5176
0.0418,0.00302,0.4036
0.0356,0.00264,0.5163
0.1304,-0.10784,0.5118
0.4727,-0.38957,0.5023
0.6545,-0.24725,-2.2597
0.5708,0.02662,-9.3029
0.4326,0.09494,-5.7449
0.3429,0.05541,1.1018
0.313,-0.0014,2.8098
0.3351,-0.05561,1.8216
0.3578,-0.05848,0.4013
0.4125,-0.09595,-0.9539
0.4708,-0.10538,-1.0257
0.4996,-0.07876,-1.9624
0.5552,-0.11112,-2.1982
0.6083,-0.11393,-1.5327
0.6337,-0.08877,-2.3417
0.6818,-0.11628,-2.4119
0.7265,-0.11735,-1.7829
0.7475,-0.09575,-2.4707
0.7863,-0.11743,-2.4974
0.8212,-0.11702,-1.9574
0.8518,-0.11578,-2.4994
0.8653,-0.10003,-2.4892
0.8889,-0.11249,-2.4582
0.899,-0.1,-2.0644
0.9156,-0.10816,-2.3759
0.9277,-0.10487,-2.0637
0.9351,-0.10091,-2.2677
0.9369,-0.09549,-2.1854
0.9372,-0.09402,-2.0864
0.9357,-0.09207,-1.9509
0.9291,-0.08631,-1.9142
0.9182,-0.08092,-1.8654
0.911,-0.0839,-1.7214
0.8937,-0.07207,-1.5867
0.8722,-0.06572,-1.6612
0.8469,-0.05939,-1.3654
0.8329,-0.06929,-1.2067
0.7858,-0.03148,-1.0484
0.7503,-0.03953,-1.2959
0.7315,-0.05435,-0.3507
0.692,-0.0297,-0.5519
0.6713,-0.04643,-0.9224
0.6283,-0.01983,-0.3062
0.5831,-0.01311,-0.7244
0.5362,-0.00672,-0.0594
0.488,-0.0006,0.1086
0.439,0.0051,0.2683
0.3894,0.01066,0.4213
0.3397,0.01573,0.5638
0.29,0.0207,0.7028
0.2408,0.02512,0.8296
0.1685,0.05545,0.9538
0.1217,0.03463,1.0643
0.099,0.0128,1.8226
0.0335,0.06215,1.3021
-0.0081,0.04241,0.7563
-0.0473,0.04393,1.9901
-0.0838,0.04488,1.4966
-0.1178,0.04578,1.5346
-0.1489,0.04599,1.5583
-0.2023,0.07363,1.5861
-0.2137,0.03277,1.5861
-0.2336,0.04326,2.2771
-0.2502,0.04162,1.2556
-0.2636,0.03976,1.5178
-0.2738,0.03758,1.4768
-0.2807,0.03497,1.4303
-0.2844,0.03214,1.3758
-0.2849,0.02899,1.3106
-0.2824,0.02574,1.2398
-0.2768,0.02208,1.1611
-0.273,0.0235,1.0798
-0.2633,0.01663,0.9883
-0.2509,0.01269,1.0238
-0.2359,0.00859,0.8521
-0.2186,0.00456,0.7536
-0.1991,0.00041,0.6511
-0.1886,0.00836,0.5503
-0.1662,-0.00578,0.4466
-0.1543,0.00353,0.6453
-0.1294,-0.01196,0.2918
-0.1028,-0.01632,0.5246
-0.0891,-0.00479,0.1373
-0.0608,-0.02222,0.0283
-0.0313,-0.02637,0.3166
-0.0162,-0.01348,-0.1192
0.0143,-0.03193,-0.2229
0.0298,-0.01848,0.0993
0.0765,-0.05435,-0.3619
0.0922,-0.02492,-0.0257
0.1232,-0.04332,-0.9224
0.1539,-0.04609,-0.1867
0.1842,-0.04872,-0.6467
0.2138,-0.05098,-0.7159
0.2425,-0.05295,-0.7817
0.2565,-0.03965,-0.8382
0.2834,-0.05524,-0.8874
0.3094,-0.05694,-0.5549
0.334,-0.058,-0.9447
0.3457,-0.04627,-0.9872
0.3679,-0.05899,-1.0137
0.3784,-0.04834,-0.7204
0.3982,-0.05962,-1.0384
0.4163,-0.05973,-0.7722
0.4325,-0.05945,-1.0542
0.4468,-0.05898,-1.0569
0.4531,-0.05161,-1.0499
0.459,-0.0518,-1.0382
0.4693,-0.05723,-0.8539
0.4777,-0.05617,-0.8587
0.484,-0.0547,-0.9944
0.4883,-0.05313,-0.9679
0.4896,-0.05026,-0.9312
0.4908,-0.05028,-0.8919
0.4906,-0.04886,-0.8202
0.4889,-0.04719,-0.8207
0.4873,-0.04713,-0.7852
0.4826,-0.04356,-0.7434
0.4761,-0.04111,-0.7419
0.4722,-0.04332,-0.6527
0.4631,-0.03721,-0.5914
0.4523,-0.03443,-0.6467
0.44,-0.0317,-0.4939
0.4333,-0.03663,-0.4244
0.4189,-0.02749,-0.3562
0.4112,-0.03342,-0.4794
0.3949,-0.02319,-0.2509
0.3775,-0.02035,-0.3992
0.3591,-0.01751,-0.1434
0.3496,-0.02546,-0.0724
0.3301,-0.01351,-0.0014
0.3098,-0.01068,-0.2002
0.2995,-0.01965,0.0986
0.2786,-0.00696,0.1693
0.268,-0.0162,-0.0549
0.2467,-0.00337,0.2623
0.2252,-0.00102,0.0313
0.2038,0.00102,0.3521
0.1826,0.00294,0.4108
0.1721,-0.00671,0.4618
0.1515,0.00545,0.5098
0.1414,-0.00404,0.2686
0.1217,0.00753,0.5726
0.1025,0.00895,0.3353
0.0932,-2e-05,0.6246
0.0753,0.01037,0.6601
0.0582,0.01128,0.4358
0.0421,0.01189,0.6956
0.0344,0.00426,0.7183
0.0201,0.01229,0.7336
0.0069,0.01251,0.5428
0.0008,0.00602,0.7436
-0.0105,0.01235,0.7491
-0.0204,0.01194,0.5868
-0.029,0.0115,0.7451
-0.0327,0.00697,0.7348
-0.0361,0.00701,0.7238
-0.0418,0.00988,0.6106
-0.0462,0.00902,0.6116
-0.0492,0.00792,0.6833
-0.0507,0.00657,0.6618
-0.0583,0.01343,0.6343
-0.073,0.022,0.6006
-0.1327,0.07297,0.7721
-0.2277,0.11777,0.9863
0.3544,-0.61754,2.2606
0.5112,-0.20792,3.3806
0.6975,-0.25605,-15.0022
0.4134,0.24276,-4.7617
0.0668,0.33992,-5.9649
0.005,0.0613,6.5053
0.0183,-0.01513,8.9343
0.05,-0.0367,1.9688
0.0615,-0.01765,0.0581
0.0844,-0.03134,-0.4812
0.1077,-0.03407,-0.0049
0.1313,-0.03673,-0.3472
0.1549,-0.03909,-0.4154
0.1782,-0.04112,-0.4819
0.2013,-0.04323,-0.5409
0.2348,-0.05698,-0.5917
0.2456,-0.03536,-0.6444
0.2664,-0.04744,-0.9882
0.2863,-0.04853,-0.4477
0.3053,-0.04953,-0.7497
0.323,-0.05,-0.7769
0.3473,-0.05903,-0.8019
0.3547,-0.04287,-0.8137
0.3682,-0.05032,-1.0394
0.3803,-0.05013,-0.6354
0.3909,-0.04969,-0.8217
0.3998,-0.04888,-0.8169
0.4072,-0.04812,-0.8059
0.4102,-0.04402,-0.7857
0.417,-0.0485,-0.7667
0.4184,-0.04324,-0.6642
0.42,-0.0436,-0.7762
0.4201,-0.04211,-0.6447
0.4195,-0.04135,-0.6537
0.4172,-0.03942,-0.6164
0.4145,-0.03875,-0.5974
0.413,-0.0398,-0.5492
0.4084,-0.03624,-0.5324
0.405,-0.0371,-0.5587
0.3973,-0.03203,-0.4697
0.3883,-0.02983,-0.4912
0.3783,-0.02783,-0.3644
0.3731,-0.03211,-0.3094
0.3618,-0.02488,-0.2594
0.3494,-0.02254,-0.3664
0.3361,-0.02031,-0.1857
0.3293,-0.02613,-0.1272
0.3151,-0.01731,-0.0714
0.3004,-0.01534,-0.2169
0.2852,-0.01332,0.0036
0.2774,-0.01994,0.0528
0.2666,-0.01586,0.1033
0.2687,-0.02897,-0.0622
0.2947,-0.05547,0.0398
0.2782,-0.01132,-0.2879
0.3054,-0.05774,-0.9504
0.3432,-0.07212,0.1533
0.3618,-0.05478,-1.0072
0.3976,-0.07556,-1.3667
0.4318,-0.07738,-0.9332
0.4639,-0.07849,-1.4527
0.4791,-0.06311,-1.4982
0.5211,-0.09411,-1.5259
0.5338,-0.06608,-1.1414
0.557,-0.0789,-1.9164
0.5776,-0.07836,-1.2157
0.5953,-0.07723,-1.5362
0.61,-0.0757,-1.5227
0.6217,-0.07387,-1.4944
0.6304,-0.07174,-1.4562
0.636,-0.0692,-1.4104
0.6386,-0.06646,-1.3572
0.6388,-0.06408,-1.2937
0.635,-0.0597,-1.2252
0.6323,-0.06053,-1.1657
0.6248,-0.05498,-1.0562
0.6146,-0.05126,-1.0769
0.6019,-0.04749,-0.9382
0.5867,-0.04347,-0.8452
0.5693,-0.03953,-0.7509
0.5497,-0.03537,-0.6504
0.5312,-0.03462,-0.5519
0.5315,-0.05345,-0.4479
0.5521,-0.07581,-0.4292
0.5879,-0.09459,-0.8999
0.6224,-0.09674,-1.4589
0.6537,-0.09667,-1.9284
0.6816,-0.09606,-1.9822
0.7058,-0.09478,-1.9804
0.7263,-0.09313,-1.9652
0.743,-0.091,-1.9332
0.7559,-0.08849,-1.8919
0.7649,-0.08549,-1.8387
0.7701,-0.08221,-1.7759
0.7712,-0.07822,-1.7009
0.7691,-0.07481,-1.6189
0.7665,-0.07405,-1.5192
0.7587,-0.06807,-1.4339
0.7405,-0.05585,-1.4149
0.7241,-0.05601,-1.2654
0.7046,-0.05096,-0.9599
0.6938,-0.05858,-0.9639
0.6573,-0.02923,-0.8377
0.6296,-0.03526,-1.0282
0.5998,-0.03018,-0.2944
0.568,-0.025,-0.4452
0.5344,-0.01984,-0.3182
0.5171,-0.03441,-0.1887
0.4815,-0.01255,-0.0597
0.4446,-0.00756,-0.4239
0.4245,-0.02235,0.1226
0.4284,-0.04674,0.2473
0.4686,-0.08706,-0.1224
0.5076,-0.08976,-0.7322
0.5263,-0.07133,-1.7402
0.5615,-0.09135,-1.8077
0.5942,-0.09212,-1.3469
0.6095,-0.07625,-1.8474
0.6378,-0.09208,-1.8667
0.6631,-0.09161,-1.4699
0.6852,-0.09062,-1.8657
0.6949,-0.07919,-1.8539
0.7038,-0.07928,-1.8292
0.719,-0.0871,-1.5434
0.731,-0.0851,-1.5457
0.7895,-0.13745,-1.7412
0.8098,-0.10128,-1.6912
0.936,-0.2198,-2.9999
1.0673,-0.23803,-2.0957
1.1303,-0.17603,-5.0587
1.2496,-0.24426,-5.5144
1.3611,-0.24761,-3.9644
1.4632,-0.24842,-5.6702
1.5105,-0.19835,-5.7539
1.5551,-0.20011,-5.7742
1.6374,-0.24604,-4.5224
1.7103,-0.24393,-4.5664
1.7725,-0.23945,-5.7147
1.7994,-0.20684,-5.6619
1.8447,-0.22977,-5.5499
1.8792,-0.22242,-4.7347
1.8923,-0.20233,-5.3079
1.91,-0.2087,-5.1242
1.9169,-0.19859,-4.6219
1.9163,-0.19103,-4.7812
1.9071,-0.18151,-4.5284
1.8968,-0.17938,-4.3394
1.9323,-0.22873,-4.1014
2.022,-0.2919,-4.0482
2.1268,-0.31748,-5.2819
2.1745,-0.26515,-6.8612
2.2588,-0.31018,-7.5007
2.3297,-0.30387,-6.1924
2.3863,-0.29523,-7.3182
2.428,-0.2845,-7.1604
2.4548,-0.27228,-6.9444
2.4669,-0.25879,-6.6762
2.4648,-0.24438,-6.3707
2.4584,-0.23944,-6.0334
2.4402,-0.22582,-5.6732
2.5143,-0.32553,-5.5497
2.6359,-0.38519,-5.2092
2.7895,-0.43255,-7.7019
2.861,-0.3576,-9.1934
2.9895,-0.42745,-10.3774
3.1488,-0.47418,-8.5037
3.1923,-0.36273,-10.2499
3.2628,-0.39678,-11.4182
3.3134,-0.38194,-8.6319
3.3439,-0.36489,-9.4832
3.3517,-0.34297,-9.1122
3.332,-0.3135,-8.6859
3.3149,-0.31439,-8.1379
3.2364,-0.24514,-7.4012
3.1617,-0.24147,-7.4234
3.1181,-0.26821,-5.6922
2.9678,-0.14648,-5.6004
2.8852,-0.20592,-6.2689
2.8535,-0.25365,-3.2257
2.8501,-0.28161,-4.7117
2.8429,-0.27709,-5.9049
2.8229,-0.26229,-6.6039
2.7895,-0.24555,-6.4909
2.7404,-0.22494,-6.1209
2.6765,-0.20375,-5.7024
2.5987,-0.18207,-5.1872
2.5079,-0.15999,-4.6574
2.458,-0.1959,-4.1154
2.2917,-0.06287,-3.5634
2.1669,-0.09189,-4.4612
2.0338,-0.07028,-1.1354
1.8979,-0.05389,-1.8609
1.8034,-0.08584,-1.3207
1.7743,-0.14833,-0.9109
1.7424,-0.14234,-1.7097
1.708,-0.1364,-3.2719
1.6659,-0.12449,-3.1222
1.6165,-0.11225,-2.9737
1.5891,-0.13151,-2.6759
1.5295,-0.09335,-2.3699
1.463,-0.0798,-2.8514
1.3906,-0.06666,-1.8974
1.3523,-0.09693,-1.5587
1.2722,-0.04712,-1.2302
1.1869,-0.03339,-1.9869
1.0974,-0.02024,-0.7417
1.0514,-0.05914,-0.3984
0.9573,-0.00163,-0.0697
0.8601,0.01119,-1.0422
0.7608,0.02322,0.3956
0.7108,-0.02108,0.7161
0.6104,0.03936,1.0168
0.539,0.0175,-0.0907
0.5284,-0.04224,1.4203
0.5502,-0.07682,0.8738
0.5813,-0.08923,-0.6197
0.5961,-0.07441,-1.4842
0.6237,-0.08997,-1.7944
0.6488,-0.08998,-1.4239
0.6711,-0.08941,-1.8129
0.6811,-0.07811,-1.8132
0.6988,-0.08758,-1.7989
0.7065,-0.07835,-1.5164
0.7194,-0.08484,-1.7532
0.7247,-0.07777,-1.5224
0.7329,-0.08149,-1.6847
0.7378,-0.07868,-1.5079
0.7394,-0.07554,-1.6009
0.7389,-0.07339,-1.5307
0.7356,-0.07026,-1.4522
0.729,-0.0663,-1.3984
0.7193,-0.06223,-1.3202
0.7066,-0.05796,-1.2212
0.6968,-0.05988,-1.1194
0.6971,-0.07001,-1.0127
0.7001,-0.07301,-1.0607
0.7005,-0.07045,-1.3139
0.699,-0.0684,-1.3889
0.6945,-0.06495,-1.3249
0.6869,-0.06109,-1.2737
0.6764,-0.05714,-1.1874
0.6702,-0.06082,-1.0909
0.6556,-0.05096,-0.9922
0.6384,-0.04664,-1.0842
0.6186,-0.04206,-0.8377
0.5966,-0.03766,-0.7297
0.5725,-0.03315,-0.6152
0.5464,-0.02854,-0.5052
0.5327,-0.03957,-0.3924
0.5042,-0.02192,-0.2772
0.4741,-0.01731,-0.5529
0.4427,-0.01287,-0.1117
0.4103,-0.00863,0.0036
0.5005,-0.14025,0.1146
0.4463,0.00957,0.2206
0.4677,-0.06817,-3.0699
0.4864,-0.06734,0.6756
0.5442,-0.11222,-1.2679
0.5799,-0.09369,-1.2472
0.5966,-0.07636,-2.3692
0.6274,-0.09354,-1.9059
0.6551,-0.09321,-1.4727
0.6795,-0.09235,-1.9022
0.7003,-0.09083,-1.8939
0.7175,-0.08895,-1.8724
0.7247,-0.07967,-1.8344
0.7362,-0.08512,-1.7874
0.7442,-0.08242,-1.5554
0.7485,-0.07915,-1.6917
0.7493,-0.07573,-1.6242
0.7482,-0.07372,-1.5424
0.7435,-0.06965,-1.4569
0.7399,-0.07039,-1.4067
0.7302,-0.06332,-1.3049
0.7241,-0.06631,-1.3234
0.7095,-0.05635,-1.1467
0.6918,-0.05148,-1.2214
0.6818,-0.05818,-0.9724
0.6599,-0.04409,-0.8507
0.6352,-0.03882,-1.0182
0.6081,-0.03371,-0.6659
0.5937,-0.04497,-0.5342
0.5788,-0.04298,-0.4064
0.5474,-0.02334,-0.6879
0.5139,-0.01789,-0.6382
0.4789,-0.01289,-0.1472
0.4608,-0.02798,-0.0109
0.4241,-0.00571,0.1141
0.3862,-0.00072,-0.2632
0.367,-0.0175,0.2936
0.3282,0.00598,0.4183
0.289,0.0103,-0.0012
0.2496,0.01444,0.5858
0.2301,-0.00351,0.6938
0.1913,0.01967,0.7973
0.153,0.023,0.3486
0.134,0.0056,0.9281
0.097,0.0273,1.0113
0.0609,0.03001,0.5763
0.0432,0.01338,1.1188
0.0092,0.03308,1.1866
-0.0072,0.01712,0.7708
-0.0388,0.03548,1.2633
-0.0686,0.03666,0.8643
-0.0965,0.03755,1.3233
-0.1096,0.02406,1.3528
-0.1339,0.03769,1.3751
-0.1561,0.03781,1.0378
-0.1758,0.03728,1.3786
-0.1847,0.02737,1.3816
-0.2005,0.03585,1.3683
-0.2137,0.03457,1.1206
-0.2243,0.03303,1.3326
-0.2321,0.03101,1.3006
-0.2377,0.02937,1.2621
-0.248,0.0351,1.2116
-0.2391,0.01501,1.1706
-0.2276,0.01126,1.3138
-0.2169,0.01099,0.8116
-0.2106,0.01476,0.7178
-0.1964,0.00544,0.7111
-0.1885,0.01095,0.8053
-0.1712,-0.00018,0.5723
-0.1519,-0.00411,0.7101
-0.1416,0.00386,0.4318
-0.1197,-0.00993,0.3336
-0.1082,-0.00068,0.5328
-0.0842,-0.01558,0.1881
-0.0588,-0.01952,0.4193
-0.0457,-0.00853,0.0468
-0.0188,-0.02502,-0.0517
0.009,-0.0287,0.2231
0.0374,-0.03214,-0.1892
0.0517,-0.01947,-0.2812
0.0805,-0.03685,-0.3672
0.1096,-0.04006,-0.0504
0.1386,-0.04286,-0.4849
0.153,-0.0297,-0.5652
0.1814,-0.04654,-0.6352
0.2094,-0.04894,-0.3062
0.2232,-0.03612,-0.7272
0.2501,-0.05191,-0.7872
0.2632,-0.03942,-0.4667
0.2887,-0.05437,-0.8614
0.3131,-0.05571,-0.5492
0.3249,-0.04429,-0.9229
0.3474,-0.05724,-0.9564
0.3785,-0.06895,-0.9947
0.3972,-0.05842,-0.9947
0.4059,-0.04929,-1.2874
0.4217,-0.05797,-1.0242
0.4358,-0.05768,-0.7959
0.448,-0.057,-1.0129
0.4534,-0.05074,-1.0057
0.4626,-0.05546,-0.9887
0.4699,-0.05429,-0.8322
0.4751,-0.05271,-0.9502
0.477,-0.0496,-0.9209
0.4793,-0.05023,-0.8814
0.4797,-0.04837,-0.8037
0.479,-0.0472,-0.8194
0.4764,-0.04504,-0.7729
0.4744,-0.04544,-0.7437
0.4677,-0.04007,-0.6897
-0.486,-1,-0.6997
0.4124,-0.93964,-0.5654
0.3633,0.01277,-24.5637
0.2474,0.09116,-23.0547
0.1873,0.04137,0.7556
0.0677,0.11283,2.7153
0.008,0.0589,1.4706
-0.1096,0.12856,3.2571
-0.1677,0.07487,1.9088
-0.2814,0.14184,3.6503
-0.3372,0.08952,2.3081
-0.4452,0.15252,3.9823
-0.4977,0.10227,2.6743
-0.5984,0.16054,4.2493
-0.6468,0.11308,2.9931
-0.6936,0.11616,4.4498
-0.7391,0.11941,3.2633
-0.8258,0.16928,3.3403
-0.867,0.1279,3.4216
-0.9062,0.12982,4.6683
-0.9797,0.17147,3.6338
-1.0186,0.14076,3.6818
-1.0743,0.16313,4.7231
-1.2365,0.28585,3.9553
-1.4181,0.32341,4.5146
-1.5048,0.23718,7.5826
-1.5879,0.24189,8.5216
-1.7455,0.33215,6.3658
-1.8198,0.25628,6.4836
-1.8903,0.25953,8.7401
-2.0214,0.33324,6.8433
-2.082,0.2688,6.9246
-2.1908,0.32788,8.7673
-2.3174,0.35834,7.1563
-2.2854,0.19654,8.6333
-2.3689,0.32039,9.3948
-2.4055,0.27715,5.3498
-2.4379,0.27619,8.4461
-2.4662,0.27492,7.3651
-2.5108,0.29568,7.3411
-2.5271,0.26901,7.3093
-2.5469,0.27449,7.8283
-2.5506,0.25876,7.1616
-2.5458,0.24978,7.2986
-2.5374,0.24534,6.9053
-2.5087,0.22217,6.6808
-2.4645,0.20225,6.5698
-2.4368,0.21598,5.9906
-2.4055,0.20925,5.4926
-2.362,0.1927,5.8358
-2.262,0.1262,5.6676
-2.3862,0.36282,5.2538
-2.4268,0.28328,3.5913
-2.5166,0.34146,9.5068
-2.5551,0.29401,7.5183
-2.6185,0.32525,8.9728
-2.6436,0.28946,7.7866
-2.6671,0.29021,8.5676
-2.7005,0.30345,7.6728
-2.7158,0.28688,7.6916
-2.7167,0.27257,8.0226
-2.7051,0.25891,7.6083
-2.6763,0.23883,7.2506
-2.6556,0.24486,6.9091
-2.6308,0.23828,6.4071
-2.5693,0.19543,6.5578
-2.5239,0.20699,6.3933
-2.4981,0.22401,5.3221
-2.513,0.2662,5.6111
-2.5629,0.30619,6.0366
-2.6074,0.30524,7.0913
-2.6838,0.34478,8.0911
-2.7156,0.30336,8.0673
-2.7652,0.32612,9.0558
-2.7833,0.29643,8.0203
-2.8058,0.30308,8.5893
-2.8104,0.28564,7.8471
-2.8061,0.27631,8.0133
-2.7845,0.25685,7.5773
-2.7457,0.23577,7.3441
-2.7201,0.24641,6.8576
-2.6572,0.20282,6.3306
-2.5785,0.17915,6.5966
-2.5336,0.20846,5.5068
-2.4375,0.14765,4.9151
-2.3791,0.17951,5.6478
-2.3722,0.23032,4.1276
-2.4021,0.27011,4.9241
-2.4273,0.26793,6.1943
-2.4661,0.28541,7.1891
-2.4893,0.27213,7.1346
-2.4949,0.25509,7.5716
-2.4943,0.24883,7.2396
-2.4783,0.23183,6.8136
-2.4646,0.23276,6.6571
-2.4262,0.20422,6.2321
-2.3732,0.18432,6.2553
-2.3065,0.16395,5.5418
-2.2681,0.18841,5.0443
-2.1823,0.13243,4.5351
-2.0839,0.10999,5.1466
-2.0304,0.14954,3.7471
-1.9158,0.07698,3.1861
-1.7905,0.05375,4.1748
-1.7244,0.10634,2.3608
-1.5876,0.02196,1.7801
-1.4773,0.03743,3.0948
-1.4257,0.09097,0.9853
-1.3514,0.06084,1.3721
-1.2276,-0.00104,2.7106
-1.1829,0.07359,1.9573
-1.0425,-0.03615,0.4103
-0.9932,0.05002,2.2761
-0.8928,-0.01112,-0.4674
-0.7883,-0.02567,1.6868
-0.6806,-0.03964,0.1583
-0.626,0.008,-0.2054
-0.5156,-0.05884,-0.5547
-0.4031,-0.07219,0.6363
-0.2897,-0.08443,-1.0347
-0.1766,-0.09544,-1.3684
-0.1203,-0.04427,-1.6744
-0.021,-0.0972,-1.9497
0.011,-0.0331,-0.6704
0.0502,-0.04422,-1.9937
0.0686,-0.02526,-0.3912
0.1048,-0.04668,-0.6692
0.1403,-0.04953,-0.1952
0.1748,-0.05198,-0.7307
0.2082,-0.05422,-0.8019
0.2243,-0.03853,-0.8632
0.2556,-0.05686,-0.9192
0.2855,-0.05845,-0.5269
0.3139,-0.05979,-0.9852
0.3405,-0.06065,-1.0249
0.3531,-0.04791,-1.0584
0.3769,-0.06149,-1.0799
0.3989,-0.06189,-0.7614
0.4178,-0.06068,-1.1009
0.4184,-0.04244,-1.1109
0.3889,-0.00939,-1.0807
0.3781,-0.02701,-0.6247
0.3557,-0.01317,0.2016
0.3322,-0.00972,-0.2389
0.308,-0.0066,0.1071
0.2831,-0.00341,0.1933
0.2705,-0.01445,0.2713
0.2453,0.00067,0.3511
0.2197,0.00363,0.0751
0.1941,0.00619,0.4531
0.1688,0.00842,0.5271
0.1563,-0.00313,0.5911
0.1318,0.01132,0.6468
0.0958,0.02642,0.3581
0.0842,0.00318,0.7193
0.0619,0.01611,1.0968
0.0406,0.01724,0.5158
0.0204,0.01816,0.8391
-0.0072,0.02832,0.8673
-0.0238,0.01898,0.8903
-0.0386,0.01866,1.1443
-0.0516,0.01816,0.9108
-0.0629,0.01759,0.9028
-0.0725,0.01685,0.8903
-0.0802,0.01572,0.8761
-0.086,0.0144,0.8576
-0.0901,0.01311,0.8293
-0.093,0.0122,0.7963
-0.0986,0.01546,0.7413
-0.1007,0.01217,0.7413
-0.1011,0.01051,0.8228
-0.0997,0.00857,0.7406
-0.0965,0.00645,0.6991
-0.0943,0.00723,0.6506
-0.0887,0.00327,0.5976
-0.0773,-0.00367,0.6171
-0.0678,-0.00272,0.5181
-0.0626,0.00106,0.3446
-0.0512,-0.00628,0.3683
-0.0385,-0.00885,0.4628
-0.0247,-0.01133,0.2793
-0.0099,-0.01381,0.2151
0.0058,-0.01628,0.1531
0.0307,-0.02797,0.0911
0.048,-0.0221,0.0293
0.0657,-0.02427,-0.2629
0.0835,-0.02615,-0.1162
0.1015,-0.02815,-0.1704
0.1105,-0.02005,-0.2174
0.1285,-0.03085,-0.2674
0.1466,-0.03276,-0.0649
0.1644,-0.03424,-0.3349
0.182,-0.0358,-0.3827
0.201,-0.0391,-0.4197
0.2619,-0.08709,-0.4587
0.2611,-0.02531,-0.5412
0.2949,-0.06329,-1.7409
0.3184,-0.05534,-0.1964
0.3666,-0.08486,-1.1459
0.4133,-0.08803,-0.9472
0.4577,-0.09017,-1.6852
0.4994,-0.09164,-1.7644
0.5192,-0.07172,-1.8179
0.5565,-0.09295,-1.8547
0.5909,-0.09349,-1.3567
0.6221,-0.09341,-1.8874
0.6739,-0.11919,-1.9009
0.7108,-0.10798,-1.8989
0.7229,-0.08439,-2.5434
0.7304,-0.08054,-2.2632
0.7339,-0.07689,-1.6734
0.7334,-0.07284,-1.5772
0.7213,-0.06003,-1.4859
0.7097,-0.05937,-1.3847
0.6948,-0.05458,-1.0644
0.6768,-0.04968,-1.0479
0.6558,-0.04458,-0.9282
0.6321,-0.03951,-0.8057
0.6059,-0.03439,-0.6782
0.5774,-0.02924,-0.5514
0.5469,-0.02419,-0.4234
0.5146,-0.01916,-0.2947
0.4808,-0.01428,-0.1684
0.4634,-0.02894,-0.0427
0.4098,0.01262,0.0793
0.3728,-0.00028,-0.2872
0.3355,0.00375,0.7518
0.2982,0.00748,0.4293
0.2609,0.01121,0.5301
0.224,0.0145,0.6233
0.1876,0.01764,0.7166
0.152,0.0204,0.7988
0.1174,0.02286,0.8773
0.0679,0.04271,0.9463
0.039,0.025,1.0078
0.0903,-0.06033,1.5041
0.049,0.0364,1.0613
0.0836,-0.04296,-1.0719
0.1961,-0.13211,1.3463
0.2341,-0.06141,-0.6377
0.3082,-0.10492,-2.8664
0.4165,-0.14995,-1.0989
0.4518,-0.08048,-2.1867
0.5191,-0.11921,-3.3124
0.5835,-0.12275,-1.5757
0.6445,-0.12545,-2.5439
0.7014,-0.12704,-2.6324
0.7282,-0.09962,-2.6999
0.7783,-0.12793,-2.7397
0.8241,-0.12821,-2.0542
0.8452,-0.10562,-2.7619
0.8834,-0.12654,-2.7689
0.9007,-0.10737,-2.2042
0.9312,-0.12362,-2.7272
0.9445,-0.10775,-2.2479
0.9669,-0.11909,-2.6542
0.984,-0.1155,-2.2574
1.0262,-0.14482,-2.5409
1.0541,-0.13331,-2.4512
1.1525,-0.21365,-3.1842
1.212,-0.1807,-2.8964
1.3278,-0.24858,-4.9049
1.4354,-0.25114,-4.0812
1.5334,-0.25134,-5.7782
1.5783,-0.20273,-5.8422
1.66,-0.2477,-5.8472
1.697,-0.2067,-4.6319
1.7626,-0.24186,-5.7562
1.7913,-0.20783,-4.7312
1.8402,-0.23292,-5.6102
1.8781,-0.22571,-4.7594
1.9047,-0.21707,-5.3867
1.9198,-0.20708,-5.2064
1.9231,-0.19561,-4.9904
1.9214,-0.19044,-4.7407
1.9164,-0.18664,-4.4539
1.8986,-0.17206,-4.3247
1.8704,-0.15884,-4.2297
1.8321,-0.14491,-3.8652
1.8093,-0.15813,-3.5347
1.757,-0.1234,-3.1864
1.6956,-0.10816,-3.5169
1.6618,-0.13238,-2.6487
1.5883,-0.08533,-2.2677
1.5071,-0.06951,-2.8732
1.4639,-0.10319,-1.6969
1.3731,-0.04651,-1.3014
1.276,-0.0305,-2.1434
1.1868,-0.02948,-0.7264
1.1798,-0.11098,-0.3262
1.1856,-0.12436,-0.3007
1.2376,-0.17576,-2.3382
1.36,-0.2584,-2.6727
1.5361,-0.32971,-3.9577
1.6237,-0.24997,-6.0237
1.7892,-0.34442,-7.8064
1.9433,-0.34843,-5.8129
2.0154,-0.27364,-8.1742
2.1485,-0.34795,-8.2744
2.2682,-0.34652,-6.4047
2.3226,-0.28666,-8.2624
2.4196,-0.33896,-8.2267
2.4625,-0.28915,-6.7302
2.5363,-0.32743,-8.0377
2.5949,-0.31809,-6.7924
2.6375,-0.30635,-7.7494
2.6528,-0.28058,-7.5159
2.6713,-0.28563,-7.2224
2.6742,-0.27032,-6.5782
2.6699,-0.26269,-6.7044
2.6499,-0.24499,-6.3217
2.6343,-0.24783,-6.1309
2.5925,-0.21745,-5.6884
2.5364,-0.19754,-5.7594
2.5033,-0.21723,-4.9999
2.4277,-0.16717,-4.5022
2.3393,-0.14553,-4.9944
2.2395,-0.12415,-3.7429
2.1856,-0.16466,-3.2019
2.0708,-0.09228,-2.6674
1.9498,-0.07398,-3.6802
1.8859,-0.12469,-1.8707
1.7523,-0.04163,-1.4132
1.6106,-0.01936,-2.6809
1.4627,0.00163,-0.6044
1.387,-0.063,-0.0477
1.2329,0.03081,0.4771
1.1542,-0.03672,-1.1387
1.0297,0.02153,1.2066
1.0018,-0.07228,-0.4817
0.9884,-0.08544,0.9746
1.0508,-0.16748,-1.3707
1.1887,-0.25677,-1.6997
1.2664,-0.20434,-3.7507
1.4145,-0.28955,-5.9829
1.4853,-0.21933,-4.6722
1.6184,-0.29494,-6.8024
1.7415,-0.29725,-5.0469
1.7989,-0.23729,-6.9372
1.904,-0.2955,-6.9949
1.9977,-0.29347,-5.4959
2.0788,-0.28898,-6.9512
2.1143,-0.24693,-6.9004
2.1751,-0.27831,-6.7882
2.2231,-0.27031,-5.7369
2.2578,-0.26048,-6.5214
2.27,-0.2392,-6.3214
2.2843,-0.24273,-6.0757
2.2866,-0.23096,-5.5437
2.2814,-0.22294,-5.6319
2.2635,-0.20845,-5.3377
2.2331,-0.19291,-5.1372
2.2133,-0.20153,-4.7749
2.1369,-0.13729,-4.3864
2.0717,-0.14197,-4.6019
1.9965,-0.12445,-2.9959
1.9119,-0.10659,-3.1129
1.8185,-0.08845,-2.6749
1.7688,-0.12718,-2.2284
1.6093,-0.00143,-1.7749
1.4941,-0.03421,-2.7432
1.4346,-0.08396,0.4006
1.3125,-0.00915,-0.4189
1.1853,0.00867,-1.6627
1.0547,0.02513,0.2076
0.926,0.0361,0.6531
0.8236,0.02004,1.0646
0.7679,-0.02109,1.3388
0.7627,-0.07107,0.9373
0.7653,-0.07913,-0.0909
0.7655,-0.07675,-1.3404
0.763,-0.0738,-1.5419
0.7607,-0.07377,-1.4824
0.7539,-0.06859,-1.4087
0.7495,-0.07055,-1.4079
0.7386,-0.06296,-1.2784
0.7249,-0.05879,-1.3274
0.7171,-0.06391,-1.1377
0.6996,-0.05246,-1.0334
0.6795,-0.04785,-1.1614
0.6685,-0.05585,-0.8752
0.6449,-0.04089,-0.7599
0.6191,-0.03611,-0.9599
0.5912,-0.03122,-0.5859
0.5765,-0.04295,-0.4664
0.5461,-0.02421,-0.3442
0.514,-0.0193,-0.6374
0.4973,-0.03303,-0.1689
0.4633,-0.01233,-0.0462
0.4385,-0.01905,-0.3894
0.4631,-0.07091,0.1281
0.503,-0.0902,-0.0399
0.5458,-0.09738,-1.3364
0.6436,-0.16216,-1.8187
0.7393,-0.16963,-1.9982
0.8301,-0.17381,-3.6177
0.8733,-0.13053,-3.8044
0.9549,-0.17709,-3.9089
0.9935,-0.13795,-2.8269
1.0657,-0.17877,-3.9909
1.1315,-0.17895,-3.0124
1.1619,-0.14659,-4.0329
1.2168,-0.17658,-4.0374
1.2646,-0.17426,-3.2284
1.2857,-0.14967,-3.9782
1.3219,-0.16839,-3.9202
1.3507,-0.16387,-3.3054
1.3716,-0.15806,-3.7734
1.3846,-0.15146,-3.6604
1.3881,-0.14231,-3.5152
1.3893,-0.14013,-3.3502
1.383,-0.132,-3.1214
1.3693,-0.12323,-3.0669
1.3483,-0.11383,-2.8637
1.3204,-0.10414,-2.6444
1.2858,-0.09398,-2.4094
1.245,-0.0837,-2.1672
1.2224,-0.09964,-1.9132
1.1732,-0.06812,-1.6562
1.1465,-0.08795,-2.0547
1.0895,-0.05195,-1.2667
1.0277,-0.04097,-1.7624
0.9951,-0.06691,-0.8624
0.9274,-0.02504,-0.5879
0.8559,-0.01409,-1.2364
0.823,-0.0494,-0.1897
0.794,-0.0504,0.0841
0.7948,-0.08028,-0.7987
0.8112,-0.09752,-0.8237
0.8683,-0.14393,-1.5707
0.9297,-0.15437,-2.0017
0.9859,-0.15479,-3.1619
1.0362,-0.15392,-3.4229
1.059,-0.1287,-3.4334
1.0998,-0.15078,-3.4117
1.1347,-0.14837,-2.7812
1.1497,-0.12997,-3.3332
1.1749,-0.14269,-3.2729
1.1851,-0.12871,-2.8129
1.2006,-0.13556,-3.1309
1.2097,-0.13007,-2.7814
1.2124,-0.12394,-2.9527
1.2086,-0.11706,-2.8154
1.1985,-0.10975,-2.6622
1.1822,-0.10192,-2.4902
1.1719,-0.10689,-2.3074
1.147,-0.0898,-2.1117
1.1164,-0.08104,-2.2359
1.0806,-0.07226,-1.8087
1.0398,-0.06318,-1.5897
0.9947,-0.05437,-1.3702
0.9706,-0.07296,-1.1432
0.9196,-0.04096,-0.9229
0.8648,-0.03168,-1.3877
0.8069,-0.02279,-0.5877
0.7465,-0.01425,-0.3557
0.6839,-0.00579,-0.1334
0.6196,0.00234,0.0801
0.5541,0.01009,0.2916
0.521,-0.019,0.4948
0.4546,0.02094,0.6886
0.4212,-0.00872,-0.0387
0.3544,0.03136,0.9598
0.321,0.0013,0.2183
0.2633,0.03137,1.2203
0.2411,-0.00191,0.4688
0.2601,-0.04501,1.2206
0.3527,-0.12787,0.3886
0.3868,-0.07278,-0.6889
0.4527,-0.11117,-2.7604
0.4848,-0.08058,-1.3832
0.5465,-0.11635,-2.3429
0.6057,-0.11977,-1.5782
0.634,-0.0917,-2.4724
0.7131,-0.15041,-2.5579
0.7612,-0.12422,-1.8562
0.7834,-0.10054,-3.3239
0.8245,-0.12355,-2.6692
0.8433,-0.10313,-2.0772
0.8774,-0.12184,-2.6524
0.9067,-0.11997,-2.1419
0.9311,-0.11751,-2.6097
0.9503,-0.11423,-2.5629
0.9642,-0.11032,-2.5014
0.9728,-0.10588,-2.4194
0.9762,-0.10102,-2.3217
0.9744,-0.09564,-2.2107
0.9676,-0.08996,-2.0892
0.9624,-0.09104,-1.9547
0.9484,-0.08084,-1.8127
0.9297,-0.07427,-1.8397
0.9065,-0.06745,-1.5847
0.8792,-0.06062,-1.4204
0.831,-0.0349,-1.2499
0.8131,-0.06341,-1.0792
0.7753,-0.03973,-0.4362
0.7126,-0.00856,-1.1489
0.6683,-0.02253,-0.5569
0.6396,-0.03526,0.2223
0.6425,-0.06715,-0.1269
0.6514,-0.07404,-0.4452
0.6856,-0.10276,-1.2424
0.717,-0.1031,-1.4147
0.7447,-0.10217,-2.1327
0.7686,-0.10076,-2.1412
0.779,-0.0883,-2.1179
0.7968,-0.09748,-2.0827
0.8107,-0.09497,-1.7712
0.8206,-0.09196,-2.0007
0.8264,-0.08844,-1.9379
0.8279,-0.08429,-1.8627
0.8253,-0.07993,-1.7747
0.8185,-0.07505,-1.6709
0.8078,-0.07008,-1.5619
0.7933,-0.06483,-1.4399
0.775,-0.0592,-1.3157
0.7531,-0.05341,-1.1844
0.7369,-0.05749,-1.0437
0.7539,-0.09239,-0.8989
0.7947,-0.12027,-1.0009
0.8321,-0.12061,-1.8734
0.8492,-0.10202,-2.5704
0.8796,-0.11836,-2.5789
0.9054,-0.11634,-2.1142
0.9265,-0.11375,-2.5227
0.9351,-0.10211,-2.4722
0.9486,-0.10836,-2.4074
0.9574,-0.10454,-2.1164
0.9612,-0.09992,-2.2727
0.9612,-0.09612,-2.1772
0.9577,-0.09227,-2.0617
0.9542,-0.09192,-1.9667
0.9436,-0.08376,-1.8704
0.9284,-0.07764,-1.8617
0.9192,-0.08272,-1.6577
0.8989,-0.06959,-1.5047
0.8938,-0.08428,-1.6317
0.8989,-0.09499,-1.3034
0.9076,-0.09946,-1.6707
0.9119,-0.09549,-1.9384
0.9123,-0.09163,-2.0502
0.9099,-0.08859,-1.9509
0.9029,-0.08329,-1.8544
0.8978,-0.08468,-1.7784
0.8845,-0.07515,-1.6459
0.867,-0.0692,-1.6807
0.8567,-0.07537,-1.4424
0.8335,-0.06015,-1.2937
0.8204,-0.06894,-1.4479
0.792,-0.0508,-1.0674
0.7601,-0.04411,-1.2872
0.7431,-0.05731,-0.8337
0.6956,-0.02206,-0.6664
0.6896,-0.06296,-0.9964
0.6948,-0.07468,-0.1152
0.7017,-0.07707,-1.1377
0.7133,-0.08293,-1.4307
0.7219,-0.08079,-1.4904
0.725,-0.0756,-1.6369
0.7286,-0.07646,-1.5834
0.7293,-0.07363,-1.4537
0.7281,-0.07161,-1.4752
0.7237,-0.06797,-1.4044
0.7162,-0.06412,-1.3539
0.7112,-0.06612,-1.2629
0.6991,-0.05781,-1.1667
0.6841,-0.05341,-1.2167
0.6755,-0.05895,-1.0089
0.6563,-0.04643,-0.8989
0.6345,-0.04165,-1.0374
0.6227,-0.05047,-0.7244
0.5974,-0.03444,-0.6049
0.5698,-0.02938,-0.8254
0.5552,-0.04092,-0.4247
0.5249,-0.02219,-0.2982
0.4927,-0.01707,-0.5867
0.4761,-0.03101,-0.1184
0.442,-0.0101,0.0096
0.4066,-0.00526,-0.3389
0.3886,-0.02086,0.1838
0.3522,0.00118,0.3048
0.3181,0.00229,-0.0852
0.2999,-0.01179,0.4658
0.3005,-0.03065,0.4936
0.3084,-0.03874,0.1416
0.3157,-0.03887,-0.3299
0.319,-0.0352,-0.5322
0.325,-0.0385,-0.5354
0.3302,-0.03822,-0.4437
0.3324,-0.03544,-0.5262
0.3361,-0.03731,-0.5192
0.3376,-0.03526,-0.4497
0.3399,-0.03629,-0.4964
0.3412,-0.03542,-0.4452
0.3415,-0.03445,-0.4709
0.3414,-0.03404,-0.4492
0.3403,-0.03293,-0.4249
0.3395,-0.03315,-0.4147
0.337,-0.0312,-0.3869
0.3347,-0.03117,-0.3924
0.3532,-0.05382,-0.3437
0.3722,-0.05622,-0.3429
0.4132,-0.08232,-0.9092
0.4537,-0.08587,-0.9692
0.4919,-0.08739,-1.6217
0.5101,-0.06921,-1.7104
0.5442,-0.08852,-1.7484
0.5757,-0.08907,-1.2939
0.6043,-0.08903,-1.7767
0.6296,-0.08826,-1.7904
0.6515,-0.08705,-1.7894
0.6612,-0.07582,-1.7702
0.6779,-0.08449,-1.7399
0.6913,-0.08253,-1.4592
0.7012,-0.08002,-1.6759
0.7076,-0.07716,-1.6269
0.7104,-0.07384,-1.5642
0.7055,-0.06565,-1.4927
0.6979,-0.06219,-1.4097
0.687,-0.0578,-1.2049
0.673,-0.0533,-1.1184
0.6561,-0.04871,-1.0087
0.6364,-0.04394,-0.8962
0.6142,-0.03922,-0.7814
0.5896,-0.03436,-0.6622
0.5628,-0.02948,-0.5442
0.5372,-0.02812,-0.4227
0.5227,-0.03777,-0.3007
0.5245,-0.05425,-0.2667
0.5283,-0.05663,-0.5079
0.5302,-0.05492,-0.9199
0.53,-0.0528,-0.9794
0.5277,-0.05047,-0.9367
0.5233,-0.04793,-0.8837
0.5169,-0.04529,-0.8254
0.5086,-0.04256,-0.7619
0.4985,-0.03975,-0.6959
0.4928,-0.04358,-0.6277
0.4801,-0.03531,-0.5574
0.4657,-0.03217,-0.6532
0.4497,-0.02897,-0.4464
0.4412,-0.03562,-0.3679
0.4233,-0.02443,-0.2879
0.4245,-0.04365,-0.4542
0.4169,-0.03409,-0.1744
0.4267,-0.05247,-0.6549
0.4414,-0.05884,-0.4159
0.4546,-0.05866,-0.8754
0.4659,-0.05789,-1.0347
0.4752,-0.05682,-1.0302
0.4825,-0.05555,-1.0109
0.4854,-0.05144,-0.9842
0.4897,-0.05327,-0.9524
0.492,-0.0515,-0.8497
0.4924,-0.04964,-0.8954
0.4908,-0.04748,-0.8512
0.4892,-0.04732,-0.8047
0.4847,-0.04397,-0.7507
0.4818,-0.04528,-0.7467
0.4746,-0.04026,-0.6629
0.4656,-0.03756,-0.6957
0.455,-0.0349,-0.5702
0.4491,-0.03901,-0.5027
0.4362,-0.03072,-0.4362
0.4218,-0.02778,-0.5389
0.4061,-0.02491,-0.3317
0.3803,-0.01223,-0.2582
0.3712,-0.02802,-0.1864
0.3431,-0.00621,0.1306
0.3235,-0.01275,-0.2642
0.3034,-0.01024,0.2811
0.2933,-0.01923,0.1176
0.2626,0.00444,0.1803
0.2522,-0.01482,-0.0444
0.2318,-0.00278,0.5473
0.2113,-0.00063,0.0658
0.1911,0.00109,0.3668
0.1713,0.00267,0.4206
0.1519,0.00421,0.4636
0.1442,-0.00672,0.5031
-0.1804,0.34264,0.5416
0.1342,-0.32802,0.2683
0.1619,-0.04389,9.0023
0.1867,-0.04347,-7.7642
0.1979,-0.03099,-0.6609
0.2199,-0.04399,-0.6504
0.2524,-0.05774,-0.3384
0.2733,-0.04823,-0.6634
0.2931,-0.04911,-1.0072
0.3118,-0.04988,-0.7694
0.3294,-0.05054,-0.7914
0.3377,-0.04207,-0.8107
0.3532,-0.05082,-0.8272
0.3742,-0.05842,-0.6154
0.3919,-0.05689,-0.8342
0.4159,-0.06559,-1.0242
0.4352,-0.06282,-0.9859
0.4588,-0.06948,-1.2034
0.5012,-0.09252,-1.1342
0.5142,-0.06442,-1.3007
0.5377,-0.07727,-1.8767
0.5585,-0.07665,-1.1742
0.5764,-0.07554,-1.4954
0.5913,-0.07403,-1.4799
0.6032,-0.07222,-1.4522
0.6119,-0.06989,-1.4144
0.6176,-0.06746,-1.3692
0.6203,-0.06473,-1.3109
0.62,-0.0617,-1.2502
0.5896,-0.02856,-1.1819
0.5749,-0.04279,-1.1062
0.5581,-0.03901,-0.2777
0.5289,-0.02369,-0.6334
0.4954,-0.01604,-0.5389
0.4454,0.00546,-0.1559
0.405,-0.0001,0.0353
0.3776,-0.01036,0.5728
0.3364,0.00756,0.4338
0.3071,-0.00141,0.1773
0.2979,-0.02059,0.6253
0.2934,-0.02484,0.4011
0.2866,-0.02186,-0.0784
0.2793,-0.02063,-0.1847
0.2742,-0.02232,-0.1102
0.2634,-0.01554,-0.0794
0.2577,-0.02007,-0.1217
0.2491,-0.01631,0.0478
0.2433,-0.01853,-0.0654
0.2344,-0.01454,0.0286
0.2254,-0.01354,-0.0269
0.2194,-0.01594,0.0728
0.2106,-0.01226,0.0978
0.2048,-0.01468,0.0378
0.1935,-0.00805,0.1298
0.1881,-0.01341,0.0693
0.1829,-0.01309,0.2351
0.1756,-0.01026,0.1011
0.1738,-0.01558,0.1091
0.2115,-0.05885,0.1798
0.2859,-0.10299,0.0468
0.4059,-0.16059,-1.0349
0.4506,-0.08976,-2.1384
0.4909,-0.08939,-3.5784
0.5276,-0.08946,-1.8077
0.5767,-0.10677,-1.7984
0.6181,-0.10321,-1.8002
0.6408,-0.08678,-2.2329
0.6593,-0.08443,-2.1439
0.6847,-0.09387,-1.7332
0.6896,-0.07386,-1.6744
0.6683,-0.04553,-1.9104
0.6365,-0.03185,-1.4102
0.6243,-0.05023,-0.7019
0.5979,-0.03339,-0.3599
0.5373,0.00687,-0.8194
0.5034,-0.01644,-0.3984
0.4505,0.00785,0.6081
0.4141,-0.00501,0.0253
0.3587,0.01953,0.6326
0.3214,0.00516,0.3111
0.2845,0.00845,0.9246
0.2479,0.01181,0.5653
0.2297,-0.00477,0.6476
0.194,0.0163,0.7316
0.1587,0.01943,0.3171
0.1242,0.02208,0.8438
0.0744,0.04236,0.9221
0.0737,-0.00667,0.9883
0.0259,0.04521,1.4953
0.0589,-0.03889,0.2696
0.0842,-0.03372,1.5666
0.1212,-0.04912,-0.5359
0.1306,-0.02246,-0.4067
0.1491,-0.03341,-0.7917
0.1865,-0.05605,-0.1252
0.2052,-0.03922,-0.3989
0.2232,-0.04032,-0.9649
0.2404,-0.04124,-0.5442
0.265,-0.0511,-0.5717
0.2803,-0.04333,-0.5947
0.2945,-0.04365,-0.8412
0.3076,-0.04386,-0.6469
0.325,-0.0499,-0.6549
0.3351,-0.04361,-0.6602
0.3476,-0.04726,-0.8112
0.3568,-0.04488,-0.6539
0.3627,-0.04217,-0.7452
0.364,-0.0377,-0.6857
0.3654,-0.03794,-0.6179
0.3638,-0.03478,-0.5062
0.3571,-0.02901,-0.4332
0.3489,-0.02669,-0.4332
0.3431,-0.02851,-0.2889
0.3478,-0.03948,-0.2309
0.3702,-0.05942,-0.2764
0.3908,-0.05968,-0.5507
0.4099,-0.06009,-1.0492
0.4351,-0.06871,-1.0557
0.4495,-0.05935,-1.0659
0.467,-0.0642,-1.2814
0.4758,-0.05638,-1.0474
0.4847,-0.05737,-1.1687
0.4886,-0.05276,-0.9732
0.4884,-0.04864,-0.9979
0.4859,-0.04609,-0.8827
0.4814,-0.04364,-0.7797
0.471,-0.0367,-0.7159
0.4617,-0.03687,-0.6547
0.4445,-0.02725,-0.4812
0.4311,-0.02971,-0.4854
0.4163,-0.02683,-0.2449
0.4003,-0.02403,-0.3064
0.3832,-0.02122,-0.2344
0.3651,-0.01841,-0.1644
0.3461,-0.01561,-0.0942
0.3263,-0.01283,-0.0239
0.3061,-0.01041,0.0461
0.2749,0.00371,0.1156
0.2539,-0.00439,0.1761
0.233,-0.0024,0.5291
0.2122,-0.00042,0.3266
0.1918,0.00122,0.3763
0.1619,0.01371,0.4258
0.1458,0.00152,0.4668
0.1416,-0.00996,0.7791
0.1415,-0.01405,0.4743
0.1534,-0.02724,0.1873
0.1672,-0.03052,0.0851
0.181,-0.0319,-0.2447
0.1948,-0.03328,-0.3267
0.2083,-0.03433,-0.3612
0.228,-0.0425,-0.3957
0.2406,-0.03666,-0.4219
0.2525,-0.03715,-0.6262
0.2636,-0.03746,-0.4802
0.274,-0.0378,-0.4924
0.2836,-0.03796,-0.5002
0.2924,-0.03804,-0.5087
0.3002,-0.03782,-0.5127
0.3101,-0.04091,-0.5147
0.3154,-0.03684,-0.5092
0.3197,-0.03627,-0.5864
0.324,-0.0367,-0.4847
0.3256,-0.03416,-0.4704
0.3261,-0.03311,-0.4812
0.3249,-0.03129,-0.4177
0.324,-0.0315,-0.3914
0.3215,-0.02965,-0.3459
0.318,-0.0283,-0.3512
0.3137,-0.02707,-0.3049
0.3085,-0.02565,-0.2712
0.3025,-0.02425,-0.2404
0.2958,-0.02288,-0.2049
0.2891,-0.02221,-0.1699
0.2936,-0.03386,-0.1357
0.3079,-0.04509,-0.1189
0.3289,-0.05389,-0.4102
0.3496,-0.05566,-0.6909
0.3689,-0.05619,-0.9109
0.395,-0.0656,-0.9552
0.4103,-0.05633,-0.9684
0.4236,-0.05566,-1.2037
0.435,-0.0549,-0.9719
0.4444,-0.05384,-0.9552
0.4519,-0.05269,-0.9362
0.4574,-0.05124,-0.9097
0.462,-0.0508,-0.8809
0.4626,-0.04686,-0.8447
0.4598,-0.04318,-0.8337
0.4555,-0.04125,-0.7352
0.4495,-0.03895,-0.6432
0.4417,-0.03637,-0.5949
0.4323,-0.03383,-0.5374
0.4214,-0.03124,-0.4729
0.4025,-0.02135,-0.4094
0.3882,-0.02452,-0.3447
0.3729,-0.02199,-0.0974
0.3483,-0.01023,-0.1767
0.3308,-0.01558,-0.1134
0.3129,-0.01339,0.1806
0.2945,-0.01105,0.0468
0.2757,-0.00877,0.1016
0.2473,0.00367,0.1601
0.2304,-0.00614,0.2171
0.2249,-0.01699,0.5281
0.2228,-0.02018,0.2828
0.231,-0.0313,0.0116
0.2474,-0.04114,-0.0682
0.2631,-0.04201,-0.3462
0.2728,-0.03698,-0.5922
0.2859,-0.04169,-0.6139
0.2935,-0.03695,-0.4882
0.3032,-0.04002,-0.6059
0.3085,-0.03615,-0.4874
0.3145,-0.03745,-0.5642
0.3171,-0.03431,-0.4674
0.3192,-0.03402,-0.4999
0.3193,-0.03203,-0.4214
0.3184,-0.03094,-0.4142
0.3166,-0.02986,-0.3644
0.3138,-0.02858,-0.3372
0.308,-0.025,-0.3102
0.3056,-0.02816,-0.2782
0.2975,-0.02165,-0.1887
0.2912,-0.02282,-0.2677
0.2842,-0.02142,-0.1049
0.2767,-0.02017,-0.1342
0.2687,-0.01887,-0.0992
0.2602,-0.01752,-0.0679
0.2513,-0.01623,-0.0354
0.2421,-0.01501,-0.0017
0.2279,-0.00859,0.0306
0.2182,-0.01212,0.0611
0.2086,-0.01126,0.2216
0.199,-0.0103,0.1333
0.1894,-0.00934,0.1548
0.1836,-0.01256,0.1788
0.1948,-0.03068,0.2028
0.211,-0.0373,0.1223
0.2474,-0.06114,-0.3307
0.287,-0.0683,-0.4962
0.3255,-0.07105,-1.0922
0.3624,-0.07314,-1.2712
0.3801,-0.05571,-1.3399
0.4141,-0.07541,-1.3922
0.4464,-0.07694,-0.9564
0.4764,-0.07764,-1.4489
0.5039,-0.07789,-1.4872
0.5288,-0.07778,-1.5047
0.5509,-0.07719,-1.5109
0.5609,-0.06609,-1.5082
0.5787,-0.07567,-1.4934
0.5937,-0.07437,-1.2159
0.6057,-0.07257,-1.4554
0.6147,-0.07047,-1.4229
0.6206,-0.06796,-1.3779
0.6235,-0.06525,-1.3254
0.6233,-0.06213,-1.2627
0.6203,-0.05903,-1.1949
0.6143,-0.05543,-1.1169
0.6056,-0.05186,-1.0394
0.5942,-0.04802,-0.9494
0.5803,-0.04413,-0.8602
0.5725,-0.04945,-0.7642
0.5551,-0.03811,-0.6669
0.5355,-0.03395,-0.7999
0.5138,-0.02968,-0.5164
0.4904,-0.02564,-0.4124
0.4783,-0.03573,-0.3057
0.4576,-0.02506,-0.2047
0.4425,-0.02915,-0.4569
0.4291,-0.02951,-0.1902
0.4246,-0.03796,-0.2924
0.4095,-0.02585,-0.3014
0.4039,-0.03479,-0.5127
0.3919,-0.02719,-0.2099
0.3787,-0.02467,-0.4334
0.3646,-0.02236,-0.2434
0.3419,-0.01149,-0.1804
0.3258,-0.01648,-0.1227
0.3093,-0.01443,0.1491
0.2924,-0.01234,0.0243
0.2752,-0.01032,0.0756
0.2578,-0.00838,0.1278
0.2403,-0.00653,0.1783
0.2229,-0.00489,0.2268
0.2056,-0.00326,0.2731
0.1801,0.00749,0.3141
0.1635,0.00025,0.3548
0.1476,0.00114,0.6236
0.1324,0.00196,0.4426
0.1179,0.00271,0.4648
0.1042,0.00328,0.4853
0.0913,0.00377,0.5041
0.0793,0.00407,0.5183
0.0725,-0.00045,0.5306
-0.1219,0.20659,0.5381
0.1096,-0.24246,0.4251
0.127,-0.0301,5.6011
0.1658,-0.05538,-5.6252
0.2034,-0.05794,-0.3162
0.2401,-0.06071,-0.9482
0.2753,-0.06273,-1.0122
0.3089,-0.06449,-1.0814
0.3408,-0.06598,-1.1319
0.3708,-0.06708,-1.1759
0.3986,-0.06766,-1.2132
0.4117,-0.05427,-1.2407
0.4362,-0.06812,-1.2552
0.4689,-0.07959,-0.9204
0.4787,-0.05767,-1.2667
0.5037,-0.07537,-1.5534
0.5108,-0.05818,-1.0054
0.5227,-0.06417,-1.4479
0.5357,-0.06657,-1.0182
0.5411,-0.05951,-1.1679
0.5428,-0.05598,-1.2279
0.544,-0.0556,-1.0514
0.5416,-0.05176,-0.9632
0.5368,-0.04888,-0.9537
0.5336,-0.05016,-0.8577
0.5203,-0.03873,-0.7857
0.5148,-0.04598,-0.8177
0.5024,-0.03784,-0.5319
0.4879,-0.03429,-0.7132
0.4716,-0.03086,-0.5097
0.4537,-0.02747,-0.4209
0.4343,-0.02403,-0.3352
0.4136,-0.02066,-0.2504
0.3917,-0.01727,-0.1644
0.3689,-0.01409,-0.0802
0.3453,-0.01093,0.0046
0.321,-0.0078,0.0841
0.3088,-0.01868,0.1631
0.284,-0.0036,0.2413
0.2589,-0.00079,-0.0307
0.2336,0.00194,0.3463
0.2223,-0.01093,0.4166
0.2454,-0.04764,0.4848
0.2454,-0.02454,0.1631
0.2667,-0.04797,-0.7547
0.3305,-0.09685,-0.1772
0.3515,-0.05615,-0.7629
0.3916,-0.07926,-1.9849
0.4486,-0.10186,-0.9674
0.4841,-0.08391,-1.5452
0.5166,-0.08416,-2.1102
0.5462,-0.08422,-1.6614
0.5728,-0.08388,-1.6677
0.5962,-0.08302,-1.6692
0.6165,-0.08195,-1.6607
0.6335,-0.08035,-1.6392
0.6471,-0.07831,-1.6124
0.6573,-0.07593,-1.5724
0.664,-0.0731,-1.5214
0.6674,-0.07014,-1.4619
0.6675,-0.06685,-1.3912
0.6643,-0.06323,-1.3172
0.6579,-0.05939,-1.2349
0.6535,-0.06095,-1.1444
0.6461,-0.05721,-1.0484
0.6572,-0.07682,-1.0874
0.6673,-0.07683,-0.9939
0.6856,-0.08686,-1.4842
0.7005,-0.08495,-1.4844
0.7162,-0.08732,-1.7352
0.7195,-0.07525,-1.6874
0.7235,-0.07635,-1.7467
0.7228,-0.07158,-1.4449
0.7179,-0.06689,-1.4724
0.7096,-0.06266,-1.3532
0.698,-0.0582,-1.2359
0.691,-0.0621,-1.1302
0.6656,-0.04116,-1.0187
0.645,-0.0439,-1.1162
0.6218,-0.03898,-0.5927
0.6093,-0.04843,-0.6612
0.5687,-0.01627,-0.5382
0.554,-0.0407,-0.7744
0.5237,-0.02207,0.0296
0.4916,-0.01706,-0.5812
0.475,-0.0309,-0.1154
0.444,-0.0134,0.0098
0.4532,-0.05452,-0.3362
0.4645,-0.05775,0.1013
0.4998,-0.08528,-0.9267
0.5189,-0.07099,-1.0074
0.555,-0.0916,-1.6957
0.5886,-0.09246,-1.3384
0.6192,-0.09252,-1.8537
0.6333,-0.07743,-1.8752
0.6588,-0.09138,-1.8767
0.6811,-0.09041,-1.4994
0.7,-0.0889,-1.8482
0.7081,-0.07891,-1.8239
0.7214,-0.08544,-1.7862
0.7313,-0.08303,-1.5364
0.7374,-0.07984,-1.6997
0.7398,-0.07638,-1.6394
0.7387,-0.07277,-1.5597
0.7339,-0.06859,-1.4732
0.7256,-0.06426,-1.3829
0.7139,-0.05969,-1.2784
0.699,-0.055,-1.1702
0.6904,-0.06044,-1.0559
0.6602,-0.03582,-0.9387
0.6486,-0.05326,-1.0747
0.6239,-0.03769,-0.4592
0.5968,-0.03258,-0.8952
0.5674,-0.02734,-0.5059
0.5361,-0.02231,-0.3782
0.5031,-0.01731,-0.2472
0.451,0.007,-0.1214
0.433,-0.0253,0.0036
0.3969,-0.00359,0.6113
0.3601,0.00079,-0.1962
0.3228,0.00502,0.3466
0.2853,0.00897,0.4561
0.248,0.0125,0.5618
0.2111,0.01579,0.6606
0.1749,0.01871,0.7488
0.1571,0.00209,0.8311
0.1223,0.02257,0.9041
0.0908,0.02242,0.4886
0.1307,-0.05297,1.0006
0.0713,0.05227,0.9968
0.0875,-0.02495,-0.8879
0.129,-0.0544,1.7431
0.1715,-0.05965,-0.1874
0.2137,-0.06357,-0.9237
0.2551,-0.06691,-1.0549
0.2754,-0.04784,-1.1529
0.3151,-0.07121,-1.2364
0.3727,-0.09487,-0.7597
0.4092,-0.07742,-1.3439
0.4266,-0.06006,-1.9354
0.4596,-0.07896,-1.4992
0.4906,-0.08006,-1.0652
0.5052,-0.06512,-1.5377
0.5324,-0.08044,-1.5652
0.5451,-0.06721,-1.1917
0.5683,-0.08003,-1.5747
0.5889,-0.07949,-1.2439
0.6016,-0.07286,-1.5644
0.6612,-0.12572,-1.5509
0.7564,-0.17084,-1.3852
0.8073,-0.13163,-2.7067
0.9044,-0.18754,-3.8347
0.9959,-0.19109,-2.8544
1.0391,-0.14711,-4.2522
1.1199,-0.19279,-4.3409
1.1938,-0.19328,-3.2414
1.2278,-0.15678,-4.3834
1.2896,-0.19076,-4.3957
1.3436,-0.18836,-3.4832
1.3675,-0.16065,-4.3327
1.4087,-0.18207,-4.2727
1.4261,-0.16001,-3.5799
1.4544,-0.17374,-4.1154
1.4742,-0.16722,-3.5639
1.4809,-0.15479,-3.9072
1.4878,-0.15568,-3.7442
1.4862,-0.14702,-3.4334
1.4763,-0.13773,-3.4557
1.4682,-0.13872,-3.2392
1.4462,-0.12262,-3.0069
1.4164,-0.11184,-3.0317
1.3792,-0.10072,-2.6292
1.3579,-0.11449,-2.3597
1.3129,-0.08629,-2.0817
1.2919,-0.10819,-2.4259
1.3174,-0.15724,-1.7209
1.3634,-0.18234,-2.2684
1.4021,-0.17891,-3.4947
1.4327,-0.17387,-4.1222
1.4547,-0.16747,-4.0364
1.4625,-0.15405,-3.9104
1.4735,-0.15835,-3.7504
1.4706,-0.14416,-3.4149
1.4661,-0.14211,-3.5224
1.4512,-0.13022,-3.1677
1.4285,-0.12015,-3.1164
1.3983,-0.10963,-2.8192
1.3396,-0.07526,-2.5674
1.2921,-0.08171,-2.3044
1.2661,-0.10061,-1.4452
1.2184,-0.07414,-1.6064
1.1979,-0.09929,-2.0789
1.2014,-0.12364,-1.4172
1.2063,-0.12553,-2.0459
1.2051,-0.11931,-2.6547
1.1977,-0.11237,-2.7019
1.1917,-0.11317,-2.5464
1.1843,-0.11103,-2.3729
1.1652,-0.09742,-2.3929
1.1534,-0.10354,-2.3394
1.126,-0.0852,-1.9992
1.0932,-0.07652,-2.1522
1.0554,-0.06774,-1.6937
1.0131,-0.05901,-1.4767
0.9903,-0.07623,-1.2572
0.9418,-0.04568,-1.0389
0.8893,-0.03643,-1.4694
0.8617,-0.05857,-0.7057
0.8043,-0.02303,-0.4744
0.7744,-0.04754,-1.0279
0.713,-0.0099,-0.1394
0.649,-0.0009,-0.7522
0.5831,0.00759,0.1888
0.5498,-0.02168,0.4138
0.4825,0.01905,0.6261
0.4142,0.02688,-0.1057
0.3799,-0.00369,0.9126
0.3116,0.03714,1.1083
0.2775,0.00635,0.3441
0.2125,0.04375,1.3648
0.2037,-0.01157,0.5951
0.2075,-0.02455,1.5301
0.293,-0.1148,0.1471
0.34,-0.081,-0.1774
0.4319,-0.13509,-2.4337
0.5214,-0.14164,-1.5887
0.6074,-0.14674,-2.9409
0.6487,-0.10617,-3.1047
0.7278,-0.15188,-3.2322
0.8026,-0.15506,-2.2179
0.8722,-0.15682,-3.3607
0.9049,-0.12319,-3.4402
0.9655,-0.15715,-3.4842
0.9937,-0.12757,-2.6434
1.0451,-0.15591,-3.4924
1.0685,-0.13025,-2.7529
1.1102,-0.15272,-3.4614
1.1454,-0.14974,-2.8199
1.1605,-0.13115,-3.3817
1.1852,-0.14322,-3.3072
1.2031,-0.13821,-2.8424
1.2095,-0.12735,-3.1442
1.2386,-0.15296,-3.0189
1.2601,-0.14751,-2.7474
1.3233,-0.19553,-3.3877
1.3528,-0.16478,-3.2514
1.4052,-0.19292,-4.4519
1.4491,-0.18881,-3.6832
1.4677,-0.16537,-4.3867
1.4982,-0.18032,-4.2839
1.52,-0.1738,-3.6979
1.5275,-0.16025,-4.0717
1.5359,-0.16199,-3.9087
1.5357,-0.15337,-3.5699
1.5323,-0.14983,-3.6134
1.5193,-0.13893,-3.3979
1.5097,-0.14137,-3.3094
1.4845,-0.12325,-3.0369
1.4513,-0.11193,-3.0979
1.4335,-0.12555,-2.6449
1.4475,-0.15875,-2.3619
1.4678,-0.16708,-2.7024
1.5383,-0.22433,-3.5324
1.5759,-0.19519,-3.7407
1.6433,-0.23173,-5.1719
1.701,-0.2278,-4.4434
1.7481,-0.22191,-5.3569
1.7676,-0.19626,-5.2587
1.7984,-0.21064,-5.1114
1.8098,-0.19238,-4.4702
1.8247,-0.19737,-4.8297
1.8291,-0.18731,-4.3732
1.8273,-0.18093,-4.4979
1.8068,-0.16018,-4.2464
1.7949,-0.16759,-4.0869
1.7639,-0.14539,-3.5682
1.7449,-0.15549,-3.7534
1.7001,-0.12521,-3.1984
1.6744,-0.14174,-3.4509
1.6168,-0.10408,-2.6939
1.5849,-0.12659,-3.1072
1.5156,-0.08226,-2.1657
1.4388,-0.06708,-2.7284
1.3979,-0.09889,-1.6202
1.3118,-0.04508,-1.2407
1.2196,-0.02976,-2.0359
1.1717,-0.06927,-0.6907
1.0728,-0.00838,-0.3077
1.0218,-0.05118,-1.2954
0.9176,0.01244,0.2268
0.8121,0.02429,-0.8432
0.7692,-0.03402,0.7473
0.7189,-0.02159,1.0436
0.7084,-0.06034,-0.4142
0.7201,-0.08371,-0.1034
0.7265,-0.07905,-1.0722
0.7368,-0.08398,-1.6564
0.744,-0.0816,-1.5399
0.748,-0.0788,-1.6632
0.7487,-0.07557,-1.6037
0.7487,-0.07487,-1.5337
0.7461,-0.07201,-1.4529
0.7404,-0.06834,-1.4354
0.7316,-0.06436,-1.3639
0.7196,-0.05996,-1.2722
0.7125,-0.06415,-1.1727
0.6962,-0.05332,-1.0627
0.6771,-0.04861,-1.1674
0.6664,-0.05594,-0.8967
0.6434,-0.04134,-0.7789
0.6309,-0.05059,-0.9622
0.6043,-0.03383,-0.5972
0.5901,-0.04481,-0.8284
0.5604,-0.02634,-0.4094
0.5449,-0.03899,-0.6839
0.5125,-0.01885,-0.2222
0.4957,-0.03277,-0.5384
0.4612,-0.01162,-0.0349
0.4338,-0.01598,-0.3829
0.4311,-0.04041,0.1458
0.4393,-0.05213,0.0368
0.4548,-0.06098,-0.5739
0.462,-0.0534,-0.8669
0.4749,-0.06039,-1.0882
0.4806,-0.05376,-0.8987
0.4905,-0.05895,-1.0734
0.4985,-0.05785,-0.9077
0.5017,-0.05337,-1.0374
0.5067,-0.05567,-1.0099
0.5096,-0.05386,-0.8979
0.5105,-0.05195,-0.9554
0.5101,-0.05061,-0.9102
0.5079,-0.04859,-0.8624
0.5038,-0.04628,-0.8289
0.4976,-0.04356,-0.7784
0.5247,-0.07957,-0.7207
0.5743,-0.10703,-0.6527
0.6456,-0.13586,-1.5529
0.6808,-0.10328,-2.2394
0.7475,-0.14145,-2.9602
0.8099,-0.14339,-2.1457
0.8672,-0.14402,-3.0999
0.9189,-0.14359,-3.1484
0.9426,-0.11796,-3.1642
0.9853,-0.14123,-3.1534
1.0222,-0.13912,-2.5127
1.053,-0.1361,-3.0944
1.0774,-0.13214,-3.0417
1.0953,-0.12743,-2.9662
1.1018,-0.11668,-2.8672
1.1101,-0.11931,-2.7494
1.1123,-0.11343,-2.4807
1.1083,-0.10683,-2.5464
1.104,-0.1061,-2.3994
1.0911,-0.09621,-2.2344
1.0725,-0.08865,-2.2162
1.0611,-0.09471,-1.9689
1.0344,-0.07674,-1.7799
1.0026,-0.06846,-1.9314
0.9659,-0.05989,-1.4822
0.925,-0.0516,-1.2752
0.903,-0.0683,-1.0609
0.8564,-0.03904,-0.8537
0.8317,-0.05847,-1.2712
0.7802,-0.02652,-0.5397
0.7256,-0.01796,-1.0254
0.6686,-0.00986,-0.2267
0.6394,-0.03474,-0.0127
0.586,-0.0052,0.1898
0.5662,-0.03682,-0.4322
0.5409,-0.02879,0.3063
0.5371,-0.04991,-0.4842
0.5353,-0.05173,-0.2834
0.5304,-0.04814,-0.8114
0.5272,-0.04952,-0.8569
0.5194,-0.04414,-0.7672
0.5098,-0.04138,-0.8017
0.5043,-0.04493,-0.6672
0.4921,-0.03701,-0.5982
0.4781,-0.03381,-0.6869
0.4627,-0.03087,-0.4889
0.4458,-0.02768,-0.4089
0.4369,-0.03479,-0.3354
0.4182,-0.02312,-0.2557
0.3983,-0.01993,-0.4334
0.388,-0.0285,-0.1417
0.3667,-0.01537,-0.0619
0.3445,-0.01225,-0.2762
0.3332,-0.02202,0.0521
0.3102,-0.00802,0.1301
0.2866,-0.00506,-0.1142
0.2627,-0.00237,0.2358
0.2507,-0.01307,0.3098
0.2269,0.00111,0.3771
0.217,-0.0118,0.1096
0.2231,-0.02841,0.4641
0.2256,-0.02506,0.1413
0.2477,-0.04687,-0.2739
0.2771,-0.05711,-0.1902
0.2915,-0.04355,-0.7354
0.3055,-0.04455,-0.9914
0.333,-0.0608,-0.6524
0.3464,-0.04804,-0.6774
0.3719,-0.06269,-1.0837
0.3961,-0.06381,-0.7647
0.4076,-0.05226,-1.1309
0.4291,-0.06441,-1.1589
0.449,-0.0648,-0.8702
0.4582,-0.05502,-1.1739
0.4669,-0.05539,-1.1837
0.4828,-0.06418,-0.9392
0.49,-0.0562,-0.9484
0.5029,-0.06319,-1.1682
0.5085,-0.05645,-0.9687
0.518,-0.0613,-1.1434
0.522,-0.0562,-0.9749
0.5281,-0.05891,-1.0962
0.532,-0.0571,-0.9687
0.5331,-0.05441,-1.0364
0.5336,-0.05386,-0.9912
0.5319,-0.05149,-0.9239
0.5302,-0.05132,-0.9102
0.5252,-0.04752,-0.8509
0.518,-0.0446,-0.8467
0.5088,-0.04168,-0.7517
0.5035,-0.04505,-0.6787
0.4915,-0.03715,-0.6057
0.4776,-0.03386,-0.6899
0.47,-0.0394,-0.4924
0.4537,-0.02907,-0.4102
0.4449,-0.03569,-0.5487
0.4265,-0.02425,-0.2904
0.4066,-0.02076,-0.4559
0.3856,-0.01756,-0.1699
0.3636,-0.01436,-0.0827
0.3523,-0.02393,-0.0027
0.3364,-0.01774,0.0773
0.3491,-0.04761,-0.1619
0.3397,-0.02457,-0.0072
0.3422,-0.03672,-0.7539
0.358,-0.0516,-0.1779
0.3672,-0.04592,-0.4817
0.3845,-0.05575,-0.8537
0.4004,-0.05594,-0.7117
0.4078,-0.04818,-0.9574
0.4212,-0.05552,-0.9622
0.4331,-0.05521,-0.7682
0.4384,-0.04914,-0.9517
0.4475,-0.05385,-0.9439
0.455,-0.053,-0.7922
0.458,-0.0488,-0.9099
0.4627,-0.05097,-0.8887
0.4655,-0.04935,-0.7837
0.4665,-0.04765,-0.8379
0.4663,-0.04643,-0.7974
0.4646,-0.04476,-0.7549
0.4611,-0.04261,-0.7244
0.4587,-0.04347,-0.6827
0.4526,-0.03916,-0.6289
0.4489,-0.04119,-0.6504
0.4404,-0.03554,-0.5427
0.4303,-0.03293,-0.5934
0.4247,-0.03687,-0.4522
0.4126,-0.02916,-0.3869
0.399,-0.0263,-0.4854
0.3843,-0.02373,-0.2927
0.3765,-0.02985,-0.2212
0.3602,-0.01972,-0.1569
0.343,-0.0171,-0.3099
0.334,-0.0244,-0.0567
0.3157,-0.01327,0.0088
0.2966,-0.01056,-0.1737
0.2869,-0.01899,0.1046
0.2673,-0.00713,0.1723
0.2573,-0.01573,-0.0384
0.2274,0.00716,0.2581
0.2173,-0.01163,0.0431
0.1975,5e-05,0.6153
0.1877,-0.00897,0.1456
0.1684,0.00246,0.4376
0.1493,0.00417,0.2121
0.1308,0.00542,0.4978
0.1218,-0.00318,0.5406
0.1043,0.00707,0.5718
0.0958,-0.00108,0.3568
0.0796,0.00824,0.6131
0.0717,0.00073,0.4093
0.0568,0.00922,0.6423
0.0429,0.00961,0.4546
0.0363,0.00297,0.6668
0.0241,0.00979,0.676