cte,steer,angle
0.7598,-0.15196,0
0.7598,-0.15196,0
0.7598,-0.15196,-3.3627
0.7598,-0.15196,-3.3627
0.7598,-0.15196,-3.3627
0.7598,-0.15196,-3.3627
0.7598,-0.15196,-3.3627
0.7598,-0.15196,-3.3627
0.7597,-0.15194,-3.3627
0.7595,-0.1519,-3.3627
0.7591,-0.15182,-3.3622
0.7586,-0.15172,-3.3612
0.7583,-0.15166,-3.3592
0.7576,-0.15152,-3.3567
0.7571,-0.15142,-3.3552
0.7563,-0.15126,-3.3517
0.7557,-0.15114,-3.3492
0.755,-0.151,-3.3452
0.7543,-0.15086,-3.3422
0.7535,-0.1507,-3.3387
0.7526,-0.15052,-3.3352
0.7522,-0.15044,-3.3312
0.7512,-0.15024,-3.3267
0.7502,-0.15004,-3.3247
0.7491,-0.14982,-3.3197
0.748,-0.1496,-3.3147
0.7467,-0.14934,-3.3092
0.7454,-0.14908,-3.3037
0.7432,-0.14864,-3.2972
0.7416,-0.14832,-3.2907
0.7391,-0.14782,-3.2797
0.7372,-0.14744,-3.2717
0.7352,-0.14704,-3.2592
0.733,-0.1466,-3.2497
0.7307,-0.14614,-3.2397
0.7283,-0.14566,-3.2287
0.7257,-0.14514,-3.2172
0.7228,-0.14456,-3.2052
0.7183,-0.14366,-3.1922
0.7132,-0.14264,-3.1777
0.7057,-0.14114,-3.1552
0.6996,-0.13992,-3.1297
0.6952,-0.13904,-3.0922
0.6906,-0.13812,-3.0617
0.6857,-0.13714,-3.0397
0.6807,-0.13614,-3.0167
0.6726,-0.13452,-2.9922
0.6669,-0.13338,-2.9672
0.6578,-0.13156,-2.9267
0.6547,-0.13094,-2.8982
0.6482,-0.12964,-2.8527
0.6414,-0.12828,-2.8372
0.5707,-0.11414,-2.8047
0.5607,-0.11214,-2.7707
0.5344,-0.10688,-2.4172
0.5234,-0.10468,-2.3672
0.5127,-0.10254,-2.2357
0.4984,-0.09968,-2.1807
0.491,-0.0982,-2.1272
0.4865,-0.0973,-2.0557
0.48,-0.096,-2.0187
0.4666,-0.09332,-1.9962
0.4556,-0.09112,-1.9637
0.4457,-0.08914,-1.8967
0.4366,-0.08732,-1.8417
0.4283,-0.08566,-1.7922
0.4204,-0.08408,-1.7467
0.4127,-0.08254,-1.7052
0.4051,-0.08102,-1.6657
0.4013,-0.08026,-1.6272
0.3935,-0.0787,-1.5892
0.3854,-0.07708,-1.5702
0.3771,-0.07542,-1.5312
0.3685,-0.0737,-1.4907
0.364,-0.0728,-1.4492
0.355,-0.071,-1.4062
0.3457,-0.06914,-1.3837
0.3361,-0.06722,-1.3387
0.3263,-0.06526,-1.2922
0.3161,-0.06322,-1.2442
0.311,-0.0622,-1.1952
0.3005,-0.0601,-1.1442
0.2951,-0.05902,-1.1187
0.2897,-0.05794,-1.0662
0.2787,-0.05574,-1.0392
0.2731,-0.05462,-1.0122
0.2618,-0.05236,-0.9572
0.256,-0.0512,-0.9292
0.2443,-0.04886,-0.8727
0.2324,-0.04648,-0.8437
0.2203,-0.04406,-0.7852
0.2079,-0.04158,-0.7257
0.2017,-0.04034,-0.6652
0.1954,-0.03908,-0.6032
0.1698,-0.03396,-0.5722
0.1633,-0.03266,-0.5407
0.1502,-0.03004,-0.4127
0.137,-0.0274,-0.3802
0.1236,-0.02472,-0.3147
0.1102,-0.02204,-0.2487
0.0966,-0.01932,-0.1817
0.0898,-0.01796,-0.1147
0.0762,-0.01524,-0.0467
0.0627,-0.01254,-0.0127
0.049,-0.0098,0.0553
0.0423,-0.00846,0.1228
0.0287,-0.00574,0.1913
0.0152,-0.00304,0.2248
0.0017,-0.00034,0.2928
-0.0118,0.00236,0.3603
-0.025,0.005,0.4278
-0.0383,0.00766,0.4953
-0.0514,0.01028,0.5613
-0.058,0.0116,0.6278
-0.0709,0.01418,0.6933
-0.0835,0.0167,0.7263
-0.096,0.0192,0.7908
-0.1142,0.02284,0.8538
-0.126,0.0252,0.9163
-0.1375,0.0275,1.0073
-0.1486,0.02972,1.0663
-0.1594,0.03188,1.1238
-0.1699,0.03398,1.1793
-0.1798,0.03596,1.2333
-0.1894,0.03788,1.2858
-0.1941,0.03882,1.3353
-0.203,0.0406,1.3833
-0.2114,0.04228,1.4068
-0.2192,0.04384,1.4513
-0.2265,0.0453,1.4933
-0.2333,0.04666,1.5323
-0.2395,0.0479,1.5688
-0.245,0.049,1.6028
-0.2499,0.04998,1.6338
-0.2542,0.05084,1.6613
-0.2579,0.05158,1.6858
-0.2608,0.05216,1.7073
-0.2631,0.05262,1.7258
-0.2647,0.05294,1.7403
-0.2652,0.05304,1.7518
-0.2656,0.05312,1.7598
-0.2654,0.05308,1.7623
-0.2643,0.05286,1.7643
-0.2626,0.05252,1.7633
-0.2585,0.0517,1.7578
-0.2567,0.05134,1.7493
-0.2526,0.05052,1.7288
-0.2503,0.05006,1.7198
-0.2451,0.04902,1.6993
-0.2391,0.04782,1.6878
-0.2323,0.04646,1.6618
-0.2247,0.04494,1.6318
-0.2164,0.04328,1.5978
-0.2073,0.04146,1.5598
-0.1975,0.0395,1.5183
-0.1814,0.03628,1.4728
-0.1698,0.03396,1.4238
-0.1575,0.0315,1.3433
-0.1512,0.03024,1.2853
-0.1379,0.02758,1.2238
-0.124,0.0248,1.1923
-0.1168,0.02336,1.1258
-0.1022,0.02044,1.0563
-0.0869,0.01738,1.0203
-0.0789,0.01578,0.9473
-0.0609,0.01218,0.8708
-0.0404,0.00808,0.8308
-0.0293,0.00586,0.7408
-0.0067,0.00134,0.6383
0.0083,-0.00166,0.5828
0.0354,-0.00708,0.4698
0.0501,-0.01002,0.3948
0.081,-0.0162,0.2593
0.0972,-0.01944,0.1858
0.1302,-0.02604,0.0313
0.1467,-0.02934,-0.0497
0.1797,-0.03594,-0.2147
0.1959,-0.03918,-0.2972
0.2285,-0.0457,-0.4622
0.2449,-0.04898,-0.5432
0.2769,-0.05538,-0.7062
0.2927,-0.05854,-0.7882
0.3085,-0.0617,-0.9482
0.3395,-0.0679,-1.0272
0.3699,-0.07398,-1.1062
0.3847,-0.07694,-1.2612
0.4139,-0.08278,-1.4132
0.4422,-0.08844,-1.4872
0.4695,-0.0939,-1.6332
0.4829,-0.09658,-1.7747
0.5085,-0.1017,-1.9112
0.5208,-0.10416,-1.9782
0.5445,-0.1089,-2.1062
0.5668,-0.11336,-2.1677
0.5877,-0.11754,-2.2862
0.607,-0.1214,-2.3977
0.6331,-0.12662,-2.5022
0.6408,-0.12816,-2.5987
0.6551,-0.13102,-2.7292
0.6676,-0.13352,-2.7677
0.6731,-0.13462,-2.8392
0.6827,-0.13654,-2.9017
0.6902,-0.13804,-2.9292
0.6932,-0.13864,-2.9772
0.6977,-0.13954,-3.0147
0.7001,-0.14002,-3.0297
0.7005,-0.1401,-3.0522
0.6997,-0.13994,-3.0642
0.6985,-0.1397,-3.0662
0.6915,-0.1383,-3.0622
0.6881,-0.13762,-3.0562
0.6841,-0.13682,-3.0212
0.6746,-0.13492,-3.0042
0.6629,-0.13258,-2.9842
0.6563,-0.13126,-2.9367
0.6414,-0.12828,-2.8782
0.6243,-0.12486,-2.8452
0.6149,-0.12298,-2.7707
0.5947,-0.11894,-2.6852
0.584,-0.1168,-2.6382
0.5609,-0.11218,-2.5372
0.5485,-0.1097,-2.4837
0.5226,-0.10452,-2.3682
0.509,-0.1018,-2.3062
0.4805,-0.0961,-2.1767
0.4502,-0.09004,-2.1087
0.4183,-0.08366,-1.9662
0.3849,-0.07698,-1.8147
0.3676,-0.07352,-1.6552
0.3322,-0.06644,-1.4882
0.2956,-0.05912,-1.4017
0.277,-0.0554,-1.2247
0.2389,-0.04778,-1.0417
0.2,-0.04,-0.9487
0.1603,-0.03206,-0.7582
0.12,-0.024,-0.5637
0.0995,-0.0199,-0.3652
0.0587,-0.01174,-0.1637
0.0177,-0.00354,-0.0612
-0.0233,0.00466,0.1428
-0.0437,0.00874,0.3478
-0.0843,0.01686,0.5528
-0.1643,0.03286,0.8578
-0.1836,0.03672,0.8578
-0.2195,0.0439,1.2578
-0.2522,0.05044,1.3543
-0.2783,0.05566,1.5338
-0.2899,0.05798,1.6973
-0.3097,0.06194,1.8278
-0.3247,0.06494,1.8858
-0.3313,0.06626,1.9848
-0.3431,0.06862,2.0598
-0.3532,0.07064,2.0928
-0.3614,0.07228,2.1518
-0.3648,0.07296,2.2023
-0.3702,0.07404,2.2433
-0.3735,0.0747,2.2603
-0.3748,0.07496,2.2873
-0.3741,0.07482,2.3038
-0.3729,0.07458,2.3103
-0.369,0.0738,2.3068
-0.363,0.0726,2.3008
-0.3549,0.07098,2.2813
-0.35,0.07,2.2513
-0.3446,0.06892,2.2108
-0.3323,0.06646,2.1863
-0.3254,0.06508,2.1593
-0.31,0.062,2.0978
-0.3015,0.0603,2.0633
-0.2831,0.05662,1.9863
-0.2733,0.05466,1.9438
-0.2521,0.05042,1.8518
-0.2291,0.04582,1.8028
-0.2168,0.04336,1.6968
-0.1913,0.03826,1.5818
-0.1779,0.03558,1.5203
-0.15,0.03,1.3928
-0.1355,0.0271,1.3258
-0.1055,0.0211,1.1863
-0.0418,0.00836,1.1138
0.009,-0.0018,0.9638
0.0441,-0.00882,0.6453
0.0798,-0.01596,0.3913
0.1159,-0.02318,0.2158
0.1342,-0.02684,0.0373
0.1706,-0.03412,-0.1432
0.207,-0.0414,-0.2347
0.2433,-0.04866,-0.4167
0.2792,-0.05584,-0.5987
0.2969,-0.05938,-0.7802
0.3145,-0.0629,-0.9597
0.349,-0.0698,-1.0482
0.3825,-0.0765,-1.1362
0.3989,-0.07978,-1.3087
0.4149,-0.08298,-1.4762
0.446,-0.0892,-1.5582
0.4755,-0.0951,-1.6382
0.5034,-0.10068,-1.7937
0.5166,-0.10332,-1.9412
0.5417,-0.10834,-2.0807
0.5755,-0.1151,-2.1467
0.587,-0.1174,-2.2722
0.6116,-0.12232,-2.4412
0.6376,-0.12752,-2.4987
0.6514,-0.13028,-2.6217
0.68,-0.136,-2.7517
0.7094,-0.14188,-2.8207
0.7233,-0.14466,-2.9637
0.7487,-0.14974,-3.1107
0.7601,-0.15202,-3.1802
0.7803,-0.15606,-3.3072
0.789,-0.1578,-3.3642
0.8037,-0.16074,-3.4652
0.8146,-0.16292,-3.5087
0.8186,-0.16372,-3.5822
0.8237,-0.16474,-3.6367
0.8247,-0.16494,-3.6567
0.8236,-0.16472,-3.6822
0.8184,-0.16368,-3.6872
0.8143,-0.16286,-3.6817
0.8029,-0.16058,-3.6557
0.7956,-0.15912,-3.6352
0.778,-0.1556,-3.5782
0.7562,-0.15124,-3.5417
0.7438,-0.14876,-3.4537
0.7006,-0.14012,-3.3447
0.6842,-0.13684,-3.2827
0.6486,-0.12972,-3.0667
0.6295,-0.1259,-2.9847
0.5885,-0.1177,-2.8067
0.5441,-0.10882,-2.7112
0.4964,-0.09928,-2.5062
0.4456,-0.08912,-2.2842
0.4191,-0.08382,-2.0457
0.3643,-0.07286,-1.7917
0.3071,-0.06142,-1.6592
0.2477,-0.04954,-1.3852
0.1864,-0.03728,-1.0992
0.1236,-0.02472,-0.8022
0.0596,-0.01192,-0.4957
0.0273,-0.00546,-0.1817
-0.0377,0.00754,0.1383
-0.1029,0.02058,0.2998
-0.1355,0.0271,0.6248
-0.2325,0.0465,0.9508
-0.2645,0.0529,1.1138
-0.3275,0.0655,1.5988
-0.389,0.0778,1.7588
-0.4487,0.08974,2.0738
-0.4776,0.09552,2.3813
-0.5336,0.10672,2.6798
-0.5867,0.11734,2.8243
-0.612,0.1224,3.1043
-0.66,0.132,3.3698
-0.7042,0.14084,3.4963
-0.7247,0.14494,3.7363
-0.762,0.1524,3.9573
-0.7902,0.15804,4.0598
-0.8097,0.16194,4.2463
-0.8176,0.16352,4.3873
-0.8182,0.16364,4.4848
-0.8126,0.16252,4.5243
-0.8004,0.16008,4.5273
-0.7826,0.15652,4.4993
-0.7592,0.15184,4.4383
-0.7453,0.14906,4.3493
-0.7136,0.14272,4.2323
-0.6764,0.13528,4.1628
-0.6339,0.12678,4.0043
-0.5861,0.11722,3.8183
-0.5333,0.10666,3.6058
-0.4757,0.09514,3.3668
-0.4135,0.0827,3.1028
-0.3471,0.06942,2.8148
-0.2767,0.05534,2.5038
-0.2028,0.04056,2.1718
-0.1646,0.03292,1.8198
-0.046,0.0092,1.4503
-0.0052,0.00104,1.2593
0.0777,-0.01554,0.6663
0.1622,-0.03244,0.4623
0.2477,-0.04954,0.0478
0.3338,-0.06676,-0.3747
0.4199,-0.08398,-0.8022
0.5055,-0.1011,-1.2327
0.59,-0.118,-1.6632
0.6728,-0.13456,-2.0912
0.7533,-0.15066,-2.5137
0.8308,-0.16616,-2.9277
0.9048,-0.18096,-3.3302
0.9748,-0.19496,-3.7177
1.071,-0.2142,-4.0877
1.1287,-0.22574,-4.4377
1.2466,-0.24932,-4.9187
1.2826,-0.25652,-5.2072
1.3112,-0.26224,-5.7967
1.3322,-0.26644,-5.9767
1.3451,-0.26902,-6.1197
1.3485,-0.2697,-6.2247
1.349,-0.2698,-6.2892
1.3409,-0.26818,-6.3062
1.3242,-0.26484,-6.3087
1.3126,-0.26252,-6.2682
1.283,-0.2566,-6.1847
1.2446,-0.24892,-6.1267
1.2222,-0.24444,-5.9787
1.172,-0.2344,-5.7867
1.1459,-0.22918,-5.6747
1.093,-0.2186,-5.4237
1.0423,-0.20846,-5.2932
0.9892,-0.19784,-5.0287
0.9647,-0.19294,-4.7752
0.913,-0.1826,-4.5097
0.8545,-0.1709,-4.3872
0.7893,-0.15786,-4.1287
0.6797,-0.13594,-3.8362
0.5992,-0.11984,-3.5102
0.5135,-0.1027,-2.9622
0.4688,-0.09376,-2.5597
0.3763,-0.07526,-2.1312
0.2799,-0.05598,-1.9077
0.2304,-0.04608,-1.4452
0.1295,-0.0259,-0.9632
0.0261,-0.00522,-0.7157
-0.079,0.0158,-0.2112
-0.1852,0.03704,0.3058
-0.2918,0.05836,0.8313
-0.345,0.069,1.3623
-0.4504,0.09008,1.8953
-0.5542,0.11084,2.1613
-0.6053,0.12106,2.6883
-0.7051,0.14102,3.2073
-0.7537,0.15074,3.4628
-0.8476,0.16952,3.9618
-0.8927,0.17854,4.2048
-0.9788,0.19576,4.6743
-1.059,0.2118,4.8998
-1.1326,0.22652,5.3303
-1.2289,0.24578,6.0993
-1.2569,0.25138,6.0993
-1.3064,0.26128,6.5808
-1.3277,0.26554,6.7208
-1.377,0.2754,6.9683
-1.3885,0.2777,7.0748
-1.4037,0.28074,7.3213
-1.4083,0.28166,7.3788
-1.4021,0.28042,7.4548
-1.3949,0.27898,7.4778
-1.3721,0.27442,7.4468
-1.3382,0.26764,7.4108
-1.2908,0.25816,7.2968
-1.2615,0.2523,7.1273
-1.1902,0.23804,6.8903
-1.1037,0.22074,6.7438
-1.0047,0.20094,6.3873
-0.9514,0.19028,5.9548
-0.8382,0.16764,5.4598
-0.716,0.1432,5.1933
-0.5856,0.11712,4.6273
-0.4476,0.08952,4.0163
-0.3029,0.06058,3.3643
-0.2283,0.04566,2.6743
-0.0755,0.0151,1.9508
0.0816,-0.01632,1.5778
0.2421,-0.04842,0.8138
0.405,-0.081,0.0283
0.5691,-0.11382,-0.7742
0.7333,-0.14666,-1.5887
0.8963,-0.17926,-2.4092
0.9769,-0.19538,-3.2302
1.1352,-0.22704,-4.0452
1.2891,-0.25782,-4.4482
1.4375,-0.2875,-5.2397
1.5092,-0.30184,-6.0092
1.7121,-0.34242,-6.7512
1.7755,-0.3551,-7.1097
1.8942,-0.37884,-8.1242
2.0019,-0.40038,-8.4412
2.0976,-0.41952,-9.0347
2.1802,-0.43604,-9.5732
2.2488,-0.44976,-10.0517
2.2775,-0.4555,-10.4647
2.3232,-0.46464,-10.8077
2.3529,-0.47058,-10.9512
2.3659,-0.47318,-11.1797
2.3661,-0.47322,-11.3282
2.3534,-0.47068,-11.3932
2.3031,-0.46062,-11.3942
2.2637,-0.45274,-11.3307
2.1777,-0.43554,-11.0792
2.1116,-0.42232,-10.8822
2.0339,-0.40678,-10.4522
1.9406,-0.38812,-10.1217
1.8309,-0.36618,-9.7332
1.7057,-0.34114,-9.2667
1.5655,-0.3131,-8.7182
1.3287,-0.26574,-8.0922
1.0622,-0.21244,-7.3912
0.7693,-0.15386,-6.2072
0.5611,-0.11222,-4.8747
0.3448,-0.06896,-3.4102
0.1217,-0.02434,-2.3692
-0.1066,0.02132,-1.2877
-0.3384,0.06768,-0.1722
-0.8072,0.16144,0.9693
-1.0421,0.20842,2.1283
-1.2741,0.25482,4.4723
-1.5013,0.30026,5.6468
-1.7219,0.34438,6.8068
-2.0369,0.40738,7.9428
-2.1369,0.42738,9.0458
-2.3266,0.46532,10.6208
-2.5017,0.50034,11.1208
-2.7339,0.54678,12.0693
-2.8668,0.57336,12.9448
-2.9801,0.59602,14.1058
-3.0724,0.61448,14.7703
-3.1423,0.62846,15.3368
-3.1888,0.63776,15.7983
-3.2111,0.64222,16.1478
-3.2085,0.6417,16.3803
-3.1805,0.6361,16.4918
-3.1271,0.62542,16.4788
-3.0482,0.60964,16.3388
-2.944,0.5888,16.0718
-2.815,0.563,15.6773
-2.2846,0.45692,15.1563
-2.0619,0.41238,14.5113
-1.94