cte,steer,angle
0.7598,-0.87377,0
0.7598,-0.11397,0
0.7598,-0.11397,-21.4079
0.7598,-0.11397,-2.4129
0.7598,-0.11397,-2.4129
0.7598,-0.11397,-2.4129
0.7599,-0.114085,-2.4129
0.7596,-0.11364,-2.4129
0.7589,-0.113135,-2.4158
0.7585,-0.113375,-2.4047
0.7578,-0.11297,-2.392
0.757,-0.11275,-2.398
0.7562,-0.11263,-2.3879
0.7546,-0.11159,-2.3824
0.7535,-0.111925,-2.3794
0.7522,-0.11153,-2.3534
0.7507,-0.111105,-2.3618
0.749,-0.11065,-2.3519
0.7471,-0.110165,-2.3413
0.745,-0.10965,-2.3299
0.7427,-0.109105,-2.3178
0.7401,-0.108415,-2.3049
0.7373,-0.107795,-2.2913
0.7341,-0.106915,-2.274
0.7306,-0.10609,-2.2585
0.7267,-0.105105,-2.2365
0.7246,-0.10659,-2.2159
0.7177,-0.100755,-2.1913
0.7125,-0.101675,-2.2284
0.7097,-0.103655,-2.0825
0.7038,-0.09967,-2.1055
0.6972,-0.09798,-2.155
0.6901,-0.096415,-2.0554
0.6823,-0.094545,-2.0132
0.6739,-0.092685,-1.974
0.5712,0.01702,-1.9273
0.5606,-0.07349,-1.8808
0.5415,-0.062125,0.8618
0.5327,-0.071105,-1.4009
0.5284,-0.07496,-1.1168
0.5223,-0.072245,-1.3413
0.5171,-0.072365,-1.4377
0.5111,-0.070665,-1.3698
0.5041,-0.068615,-1.3728
0.4962,-0.06653,-1.3303
0.4874,-0.06431,-1.279
0.4776,-0.06184,-1.2269
0.4669,-0.059335,-1.1714
0.4491,-0.049565,-1.1097
0.436,-0.0523,-1.047
0.4221,-0.049415,-0.8028
0.3995,-0.037325,-0.8712
0.3747,-0.031405,-0.799
0.3572,-0.03608,-0.4968
0.3297,-0.021955,-0.3488
0.3105,-0.027375,-0.4657
0.2806,-0.01219,-0.1125
0.26,-0.0184,-0.248
0.2284,-0.00266,0.1316
0.1959,0.003115,-0.0237
0.1741,-0.004315,0.3698
0.1523,-0.001045,0.5142
0.1306,0.00211,0.3285
0.1089,0.005365,0.4102
0.0874,0.00839,0.4891
0.0662,0.01127,0.5705
0.0352,0.02572,0.6461
0.0152,0.01772,0.7181
-0.0039,0.019685,1.0793
-0.022,0.0214,0.8793
-0.0391,0.022965,0.9285
-0.055,0.02415,0.9713
-0.0698,0.02527,1.0105
-0.0831,0.025765,1.0401
-0.095,0.02615,1.0681
-0.1052,0.02598,1.0805
-0.1138,0.02567,1.0901
-0.1206,0.02489,1.0858
-0.1256,0.02384,1.0781
-0.1286,0.02229,1.0586
-0.1294,0.02021,1.0323
-0.1232,0.01228,0.9936
-0.1069,-0.000265,0.9416
-0.08,-0.0149,0.7433
0.0173,-0.099895,0.4297
0.0816,-0.07654,0.0638
0.1242,-0.06123,-2.061
0.1657,-0.066355,-1.4772
0.2063,-0.071545,-1.0944
0.2839,-0.120185,-1.2225
0.3378,-0.10457,-1.3523
0.3845,-0.104375,-2.5683
0.4108,-0.08792,-2.1779
0.4328,-0.08692,-2.173
0.4581,-0.094015,-1.7617
0.4697,-0.082055,-1.7367
0.478,-0.08,-1.914
0.4755,-0.068825,-1.615
0.4618,-0.05557,-1.5637
0.4372,-0.04098,-1.2843
0.415,-0.04005,-0.9529
0.374,-0.0151,-0.5882
0.3244,0.00094,-0.5649
0.2873,-0.005995,0.0588
0.2478,0.00233,0.4598
0.1859,0.034015,0.2865
0.1424,0.02214,0.4946
0.1301,-0.007215,1.2867
0.1241,-0.012615,0.9898
0.1182,-0.01183,0.256
0.1092,-0.00738,0.121
0.1033,-0.009595,0.1406
0.0976,-0.00894,0.2518
0.0897,-0.005555,0.1965
0.0848,-0.00782,0.2128
0.0805,-0.007775,0.2975
0.0769,-0.007935,0.2408
0.0738,-0.00797,0.242
0.0706,-0.00739,0.238
0.0695,-0.009325,0.2371
0.0691,-0.009965,0.2516
0.0697,-0.011055,0.2032
0.0721,-0.013215,0.1872
0.0748,-0.01392,0.16
0.0803,-0.017545,0.106
0.0875,-0.020325,0.0883
0.1044,-0.03256,-0.0023
0.1405,-0.057175,-0.0718
0.1914,-0.07961,-0.3777
0.2425,-0.087475,-0.993
0.2918,-0.09307,-1.5539
0.3606,-0.12289,-1.7505
0.4208,-0.12332,-1.8904
0.4686,-0.11809,-2.6359
0.4918,-0.09697,-2.6467
0.5072,-0.09148,-2.5159
0.5157,-0.085855,-1.9879
0.5113,-0.072295,-1.8507
0.4894,-0.05151,-1.71
0.4645,-0.044775,-1.371
0.4322,-0.03253,-0.8514
0.3705,0.006125,-0.683
0.3212,0.00112,-0.3769
0.267,0.01415,0.5895
0.2086,0.02711,0.4643
0.1313,0.057605,0.7901
0.0966,0.02021,1.1141
0.0763,0.008855,1.8765
0.0564,0.01144,0.9416
0.0269,0.025465,0.6577
0.008,0.0177,0.7223
-0.0096,0.01904,1.073
-0.0254,0.01961,0.8788
-0.0392,0.01968,0.9123
-0.0554,0.02451,0.9266
-0.0627,0.016705,0.9283
-0.0668,0.01412,1.0491
-0.0676,0.01094,0.854
-0.065,0.00715,0.7893
-0.0547,-0.002095,0.7098
-0.0434,-0.00479,0.6151
-0.0289,-0.010165,0.384
-0.0014,-0.02729,0.3166
0.0205,-0.024975,0.1822
0.0447,-0.030905,-0.2459
0.0707,-0.036605,-0.188
0.1206,-0.06799,-0.3363
0.1865,-0.093875,-0.4788
0.2863,-0.142745,-1.2634
0.39,-0.1622,-1.9105
0.5373,-0.227895,-3.1323
0.627,-0.18375,-3.6187
0.7411,-0.225265,-5.261
0.8014,-0.18051,-4.1574
0.8753,-0.205195,-5.1953
0.8859,-0.143485,-4.0764
0.87,-0.1146,-4.6935
0.8122,-0.06403,-3.1508
0.7519,-0.052485,-2.4287
0.676,-0.0255,-1.1644
0.4818,0.12193,-0.8758
0.366,0.0609,-0.2012
0.1546,0.18821,3.4846
0.0104,0.14264,1.9588
-0.0372,0.05318,5.1416
-0.1739,0.162785,4.0023
-0.2599,0.124985,1.7658
-0.3389,0.129835,4.506
-0.4093,0.131795,3.561
-0.4699,0.131085,3.6822
-0.5195,0.127525,3.7312
-0.5569,0.120935,3.7135
-0.5881,0.119415,3.6245
-0.5912,0.09178,3.4597
-0.5679,0.061885,3.4217
-0.4499,-0.050515,2.7308
-0.4069,0.018035,1.9835
-0.2671,-0.099735,-0.8265
-0.0178,-0.24663,0.8872
0.1594,-0.20111,-2.057
0.4249,-0.329235,-5.7294
0.5972,-0.26188,-4.5914
0.7599,-0.276685,-7.7945
0.9102,-0.28683,-6.1107
1.107,-0.36285,-6.4808
1.215,-0.29025,-6.7344
1.3844,-0.37706,-8.6349
1.3692,-0.19018,-6.8199
1.2783,-0.100845,-8.9902
1.1763,-0.074445,-4.3182
0.9706,0.06011,-2.0848
0.8017,0.048645,-1.4248
0.4098,0.33043,1.9391
0.0805,0.317225,1.6525
-0.255,0.37375,8.6971
-0.535,0.36025,8.367
-0.6728,0.23872,9.7801
-0.7324,0.16946,9.4426
-0.7701,0.153215,6.4043
-0.7872,0.13518,4.6728
-0.772,0.1006,4.2667
-0.7089,0.043235,3.8158
-0.6406,0.02779,2.9513
-0.5534,-0.00419,1.5172
-0.4486,-0.03751,1.1311
-0.2627,-0.146495,0.3316
-0.1223,-0.122055,-0.5014
0.0346,-0.16209,-3.226
0.2337,-0.234155,-2.615
0.4483,-0.281845,-3.6159
0.7647,-0.431105,-5.4175
0.9659,-0.346085,-6.6098
1.1507,-0.357405,-10.3413
1.3158,-0.36247,-8.2158
1.4584,-0.36136,-8.4988
1.623,-0.40805,-8.6254
1.6959,-0.327285,-8.5977
1.7352,-0.29958,-9.7649
1.7403,-0.266145,-7.7458
1.7111,-0.227465,-7.0532
1.6771,-0.217565,-6.2173
1.6508,-0.22132,-5.2503
1.6379,-0.232785,-5.0028
1.5969,-0.198535,-5.0967
1.5233,-0.154895,-5.3833
1.3536,-0.03334,-4.527
1.2032,-0.03008,-3.436
1.0276,0.02146,-0.3972
0.83,0.0731,-0.3157
0.6138,0.12413,0.9728
0.1418,0.45073,2.2638
-0.3599,0.555685,3.5396
-0.7231,0.471665,11.7046
-0.9418,0.35997,14.3285
-1.1352,0.36368,12.228
-1.3018,0.36187,9.4356
-1.4961,0.418715,9.5283
-1.5842,0.32573,9.4831
-1.6346,0.29559,10.9042
-1.6466,0.25899,8.5796
-1.6201,0.216515,7.8261
-1.5054,0.11111,6.9111
-1.3356,0.03054,5.8492
-1.072,-0.1028,3.2141
-0.7792,-0.17592,1.1998
-0.4639,-0.245715,-2.1337
-0.1326,-0.31141,-3.9617
0.2085,-0.372375,-5.7065
0.5527,-0.427105,-7.3489
0.8931,-0.474365,-8.873
1.2225,-0.512775,-10.2413
1.5342,-0.54183,-11.4228
1.7113,-0.433795,-12.383
2.1234,-0.73061,-13.1094
2.467,-0.71365,-10.4085
2.7894,-0.74081,-17.8289
2.9328,-0.58332,-17.4049
3.1807,-0.725005,-18.0839
3.3754,-0.70101,-14.1467
3.4511,-0.593365,-17.6888
3.556,-0.6383,-17.0889
3.5986,-0.58239,-14.3978
3.5761,-0.513915,-15.5212
3.4871,-0.434065,-14.1234
3.4179,-0.443485,-12.4115
3.2323,-0.299245,-10.4153
3.1159,-0.350985,-10.6508
2.8403,-0.150445,-7.0448
2.5082,-0.04413,-8.3383
2.1264,0.06284,-3.3248
1.6661,0.210385,-0.6669
1.2586,0.21871,2.0073
0.9203,0.200255,5.696
0.203,0.68685,5.9041
0.0185,0.181725,5.4427
-0.3466,0.41709,17.6076
-0.7082,0.46783,4.9795
-1.0588,0.50942,10.8636
-1.3902,0.53993,12.1321
-1.696,0.5602,13.1718
-1.9349,0.529135,13.9346
-2.0571,0.430765,14.4413
-2.153,0.41885,13.6647
-2.1598,0.33077,11.2055
-2.1457,0.307755,10.9076
-2.0352,0.19478,8.7056
-1.9046,0.15509,8.1302
-1.7313,0.086395,5.3058
-1.5182,0.01463,4.3136
-1.2688,-0.05908,2.5962
-0.9879,-0.132715,0.8021
-0.6811,-0.204635,-1.0407
-0.3544,-0.27354,-2.8815
-0.0139,-0.338415,-4.6795
0.3339,-0.397885,-6.4022
0.6855,-0.454425,-8.024
1.1182,-0.60043,-9.5108
1.3628,-0.44902,-10.9243
1.8998,-0.82197,-14.5744
2.416,-0.8786,-10.7892
2.9019,-0.921185,-20.1129
3.3486,-0.94899,-21.5287
3.5547,-0.739305,-22.5933
3.9191,-0.952265,-23.2884
4.2167,-0.930105,-18.0463
4.443,-0.89275,-23.3703
4.5985,-0.845275,-22.8163
4.689,-0.79385,-21.8824
4.7185,-0.737275,-20.6955
4.6843,-0.668445,-19.4099
4.6523,-0.665845,-17.9955
4.5358,-0.56387,-16.2748
4.4854,-0.62241,-16.2098
4.3066,-0.46719,-13.6604
4.2361,-0.564915,-15.1239
3.9012,-0.25028,-11.2434
3.7066,-0.36139,-13.6865
3.4956,-0.31334,-5.8207
3.2646,-0.25869,-8.5984
3.0386,-0.22979,-7.3972
2.7654,-0.14161,-6.0309
2.7739,-0.424585,-5.3084
2.9436,-0.61124,-3.1039
1.561,-