cte,steer,angle
0.7598,-0.03799,0
0.7598,-0.03799,0
0.7598,-0.03799,-0.5134
0.7598,-0.03799,-0.5134
0.7598,-0.03799,-0.5134
0.7598,-0.03799,-0.5134
0.7598,-0.03799,-0.5134
0.7598,-0.03799,-0.5134
0.7599,-0.037995,-0.5134
0.7598,-0.03799,-0.5134
0.7597,-0.037985,-0.5135
0.7596,-0.03798,-0.5134
0.7595,-0.037975,-0.5133
0.7593,-0.037965,-0.5132
0.7592,-0.03796,-0.513
0.7591,-0.037955,-0.5128
0.7589,-0.037945,-0.5127
0.7587,-0.037935,-0.5125
0.7586,-0.03793,-0.5123
0.7584,-0.03792,-0.512
0.7581,-0.037905,-0.5119
0.7579,-0.037895,-0.5117
0.7576,-0.03788,-0.5113
0.7571,-0.037855,-0.511
0.7568,-0.03784,-0.5107
0.7564,-0.03782,-0.51
0.7559,-0.037795,-0.5097
0.7555,-0.037775,-0.5092
0.7548,-0.03774,-0.5085
0.7546,-0.03773,-0.508
0.7541,-0.037705,-0.5072
0.7533,-0.037665,-0.5069
0.7527,-0.037635,-0.5063
0.7521,-0.037605,-0.5053
0.7515,-0.037575,-0.5045
0.7505,-0.037525,-0.5038
0.7494,-0.03747,-0.503
0.7486,-0.03743,-0.5018
0.7473,-0.037365,-0.5004
0.7464,-0.03732,-0.4994
0.7454,-0.03727,-0.4978
0.7444,-0.03722,-0.4967
0.7428,-0.03714,-0.4954
0.7422,-0.03711,-0.4942
0.741,-0.03705,-0.4922
0.7398,-0.03699,-0.4914
0.7385,-0.036925,-0.4899
0.7371,-0.036855,-0.4884
0.7357,-0.036785,-0.4868
0.7342,-0.03671,-0.485
0.7334,-0.03667,-0.4833
0.7319,-0.036595,-0.4814
0.731,-0.03655,-0.4804
0.7294,-0.03647,-0.4785
0.7276,-0.03638,-0.4774
0.7258,-0.03629,-0.4754
0.7249,-0.036245,-0.4732
0.7229,-0.036145,-0.4709
0.7209,-0.036045,-0.4698
0.7022,-0.03511,-0.4673
0.6981,-0.034905,-0.4648
0.6909,-0.034545,-0.4414
0.6878,-0.03439,-0.4363
0.6847,-0.034235,-0.4273
0.6821,-0.034105,-0.4234
0.6806,-0.03403,-0.4195
0.6803,-0.034015,-0.4163
0.6811,-0.034055,-0.4144
0.6843,-0.034215,-0.414
0.6882,-0.03441,-0.415
0.6836,-0.03418,-0.419
0.6825,-0.034125,-0.4239
0.6823,-0.034115,-0.4182
0.6836,-0.03418,-0.4168
0.6855,-0.034275,-0.4165
0.6881,-0.034405,-0.4182
0.6895,-0.034475,-0.4205
0.6928,-0.03464,-0.4238
0.6965,-0.034825,-0.4255
0.7004,-0.03502,-0.4297
0.7024,-0.03512,-0.4343
0.7082,-0.03541,-0.4392
0.714,-0.0357,-0.4417
0.7179,-0.035895,-0.4489
0.7236,-0.03618,-0.4562
0.7274,-0.03637,-0.461
0.7311,-0.036555,-0.4682
0.733,-0.03665,-0.4729
0.7367,-0.036835,-0.4775
0.7403,-0.037015,-0.4799
0.7439,-0.037195,-0.4845
0.7475,-0.037375,-0.489
0.751,-0.03755,-0.4935
0.7544,-0.03772,-0.498
0.7578,-0.03789,-0.5024
0.7611,-0.038055,-0.5067
0.7628,-0.03814,-0.5109
0.766,-0.0383,-0.515
0.7707,-0.038535,-0.5172
0.7722,-0.03861,-0.5212
0.7751,-0.038755,-0.527
0.778,-0.0389,-0.5289
0.7822,-0.03911,-0.5325
0.7848,-0.03924,-0.5362
0.7874,-0.03937,-0.5414
0.7886,-0.03943,-0.5447
0.7921,-0.039605,-0.5479
0.7944,-0.03972,-0.5494
0.7965,-0.039825,-0.5538
0.7994,-0.03997,-0.5567
0.8011,-0.040055,-0.5593
0.8064,-0.04032,-0.5629
0.8098,-0.04049,-0.565
0.8102,-0.04051,-0.5717
0.8109,-0.040545,-0.5759
0.8112,-0.04056,-0.5764
0.8113,-0.040565,-0.5773
0.8112,-0.04056,-0.5777
0.8109,-0.040545,-0.5778
0.8106,-0.04053,-0.5777
0.8096,-0.04048,-0.5773
0.8076,-0.04038,-0.5769
0.807,-0.04035,-0.5757
0.8056,-0.04028,-0.5732
0.803,-0.04015,-0.5724
0.8022,-0.04011,-0.5707
0.8001,-0.040005,-0.5674
0.7979,-0.039895,-0.5664
0.7954,-0.03977,-0.5638
0.7928,-0.03964,-0.561
0.7867,-0.039335,-0.5579
0.7834,-0.03917,-0.5547
0.7779,-0.038895,-0.547
0.774,-0.0387,-0.5429
0.772,-0.0386,-0.536
0.7633,-0.038165,-0.5312
0.756,-0.0378,-0.5287
0.7509,-0.037545,-0.5178
0.7456,-0.03728,-0.5087
0.7401,-0.037005,-0.5023
0.7342,-0.03671,-0.4957
0.7313,-0.036565,-0.4888
0.7252,-0.03626,-0.4814
0.7219,-0.036095,-0.4778
0.7122,-0.03561,-0.4702
0.7053,-0.035265,-0.466
0.6982,-0.03491,-0.4539
0.6871,-0.034355,-0.4453
0.6794,-0.03397,-0.4364
0.6675,-0.033375,-0.4225
0.6593,-0.032965,-0.4129
0.6508,-0.03254,-0.398
0.6421,-0.032105,-0.3878
0.6331,-0.031655,-0.3772
0.624,-0.0312,-0.3663
0.6098,-0.03049,-0.355
0.6001,-0.030005,-0.3437
0.5815,-0.029075,-0.3259
0.5755,-0.028775,-0.3138
0.5738,-0.02869,-0.2905
0.574,-0.0287,-0.283
0.5779,-0.028895,-0.2809
0.5818,-0.02909,-0.2812
0.5855,-0.029275,-0.286
0.5958,-0.02979,-0.2909
0.5973,-0.029865,-0.2955
0.6018,-0.03009,-0.3084
0.6046,-0.03023,-0.3103
0.6083,-0.030415,-0.3159
0.6107,-0.030535,-0.3194
0.6138,-0.03069,-0.324
0.6164,-0.03082,-0.327
0.618,-0.0309,-0.3309
0.6193,-0.030965,-0.3342
0.6209,-0.031045,-0.3362
0.6218,-0.03109,-0.3378
0.6225,-0.031125,-0.3398
0.6229,-0.031145,-0.3409
0.6226,-0.03113,-0.3418
0.6222,-0.03111,-0.3423
0.6212,-0.03106,-0.3419
0.6202,-0.03101,-0.3414
0.619,-0.03095,-0.3402
0.6182,-0.03091,-0.3389
0.6158,-0.03079,-0.3374
0.6148,-0.03074,-0.3364
0.6116,-0.03058,-0.3334
0.6078,-0.03039,-0.3322
0.605,-0.03025,-0.3282
0.6019,-0.030095,-0.3234
0.5986,-0.02993,-0.3199
0.5951,-0.029755,-0.316
0.5893,-0.029465,-0.3119
0.5852,-0.02926,-0.3075
0.5808,-0.02904,-0.3003
0.5737,-0.028685,-0.2952
0.5662,-0.02831,-0.2897
0.5581,-0.027905,-0.2808
0.5465,-0.027325,-0.2714
0.534,-0.0267,-0.2613
0.5206,-0.02603,-0.2468
0.5136,-0.02568,-0.2312
0.5027,-0.025135,-0.2144
0.4913,-0.024565,-0.2057
0.4875,-0.024375,-0.192
0.4756,-0.02378,-0.1778
0.4675,-0.023375,-0.173
0.4593,-0.022965,-0.1582
0.4514,-0.02257,-0.148
0.446,-0.0223,-0.1378
0.4448,-0.02224,-0.1279
0.4509,-0.022545,-0.1212
0.4596,-0.02298,-0.1197
0.4732,-0.02366,-0.1273
0.4822,-0.02411,-0.1382
0.4955,-0.024775,-0.1552
0.5084,-0.02542,-0.1664
0.5169,-0.025845,-0.183
0.5294,-0.02647,-0.1992
0.5375,-0.026875,-0.2098
0.5454,-0.02727,-0.2254
0.5642,-0.02821,-0.2355
0.5819,-0.029095,-0.2454
0.595,-0.02975,-0.2689
0.6098,-0.03049,-0.291
0.6153,-0.030765,-0.3074
0.623,-0.03115,-0.3259
0.6278,-0.03139,-0.3328
0.6322,-0.03161,-0.3424
0.6363,-0.031815,-0.3484
0.64,-0.032,-0.3539
0.6434,-0.03217,-0.359
0.6465,-0.032325,-0.3637
0.6492,-0.03246,-0.3679
0.6515,-0.032575,-0.3718
0.6535,-0.032675,-0.3752
0.6551,-0.032755,-0.378
0.6557,-0.032785,-0.3805
0.6571,-0.032855,-0.3825
0.6575,-0.032875,-0.3833
0.6576,-0.03288,-0.385
0.6572,-0.03286,-0.3855
0.6564,-0.03282,-0.3857
0.6552,-0.03276,-0.3852
0.6537,-0.032685,-0.3842
0.6517,-0.032585,-0.3827
0.6492,-0.03246,-0.3808
0.6449,-0.032245,-0.3783
0.6418,-0.03209,-0.3752
0.6423,-0.032115,-0.3698
0.6502,-0.03251,-0.3659
0.6605,-0.033025,-0.3665
0.6824,-0.03412,-0.3764
0.6978,-0.03489,-0.3893
0.7053,-0.035265,-0.4167
0.7201,-0.036005,-0.4359
0.7273,-0.036365,-0.4453
0.7414,-0.03707,-0.4638
0.7549,-0.037745,-0.4728
0.7615,-0.038075,-0.4904
0.7743,-0.038715,-0.5073
0.7865,-0.039325,-0.5155
0.7982,-0.03991,-0.5315
0.8093,-0.040465,-0.5468
0.8198,-0.04099,-0.5614
0.8297,-0.041485,-0.5753
0.8389,-0.041945,-0.5884
0.8475,-0.042375,-0.6008
0.8554,-0.04277,-0.6123
0.8626,-0.04313,-0.623
0.8691,-0.043455,-0.6329
0.8748,-0.04374,-0.6419
0.8775,-0.043875,-0.65
0.8821,-0.044105,-0.6572
0.886,-0.0443,-0.6605
0.8891,-0.044455,-0.6663
0.8935,-0.044675,-0.6712
0.8937,-0.044685,-0.675
0.8928,-0.04464,-0.6805
0.8911,-0.044555,-0.6808
0.8886,-0.04443,-0.6797
0.8852,-0.04426,-0.6775
0.881,-0.04405,-0.6744
0.876,-0.0438,-0.6702
0.8701,-0.043505,-0.6649
0.8634,-0.04317,-0.6587
0.8558,-0.04279,-0.6513
0.8475,-0.042375,-0.6429
0.8383,-0.041915,-0.6334
0.8283,-0.041415,-0.623
0.8174,-0.04087,-0.6115
0.8058,-0.04029,-0.599
0.7934,-0.03967,-0.5854
0.7802,-0.03901,-0.5709
0.7665,-0.038325,-0.5554
0.756,-0.0378,-0.5389
0.7502,-0.03751,-0.5218
0.7461,-0.037305,-0.5087
0.7467,-0.037335,-0.5014
0.7521,-0.037605,-0.4963
0.7553,-0.037765,-0.497
0.7597,-0.037985,-0.5038
0.7609,-0.038045,-0.5078
0.7613,-0.038065,-0.5133
0.7608,-0.03804,-0.5148
0.7595,-0.037975,-0.5153
0.7576,-0.03788,-0.5147
0.7549,-0.037745,-0.513
0.7516,-0.03758,-0.5107
0.7476,-0.03738,-0.5073
0.7428,-0.03714,-0.5032
0.7374,-0.03687,-0.4982
0.7313,-0.036565,-0.4922
0.728,-0.0364,-0.4854
0.7208,-0.03604,-0.4778
0.713,-0.03565,-0.4737
0.7045,-0.035225,-0.4647
0.6954,-0.03477,-0.4549
0.6856,-0.03428,-0.4443
0.6751,-0.033755,-0.4329
0.6641,-0.033205,-0.4207
0.6524,-0.03262,-0.4075
0.6401,-0.032005,-0.3938
0.6273,-0.031365,-0.3792
0.6206,-0.03103,-0.3638
0.6069,-0.030345,-0.3478
0.5853,-0.029265,-0.3394
0.5703,-0.028515,-0.3223
0.5548,-0.02774,-0.2953
0.5224,-0.02612,-0.2765
0.5055,-0.025275,-0.2572
0.4794,-0.02397,-0.2167
0.4615,-0.023075,-0.1955
0.4341,-0.021705,-0.1629
0.4155,-0.020775,-0.1405
0.406,-0.0203,-0.1063
0.387,-0.01935,-0.083
0.3678,-0.01839,-0.0712
0.3581,-0.017905,-0.0474
0.3387,-0.016935,-0.0234
0.3191,-0.015955,-0.0113
0.3038,-0.01519,0.013
0.2979,-0.014895,0.0375
0.2981,-0.014905,0.0566
0.3076,-0.01538,0.064
0.3264,-0.01632,0.0637
0.355,-0.01775,0.0518
0.3838,-0.01919,0.0283
0.403,-0.02015,-0.0074
0.4126,-0.02063,-0.0434
0.4413,-0.022065,-0.0674
0.4508,-0.02254,-0.0794
0.4698,-0.02349,-0.1153
0.4887,-0.024435,-0.1272
0.4981,-0.024905,-0.1509
0.5167,-0.025835,-0.1745
0.5352,-0.02676,-0.1863
0.5624,-0.02812,-0.2095
0.5803,-0.029015,-0.2327
0.5978,-0.02989,-0.2667
0.6235,-0.031175,-0.289
0.6484,-0.03242,-0.3109
0.6565,-0.032825,-0.343
0.6723,-0.033615,-0.3742
0.68,-0.034,-0.3843
0.6951,-0.034755,-0.404
0.7096,-0.03548,-0.4137
0.7166,-0.03583,-0.4325
0.7303,-0.036515,-0.4507
0.7433,-0.037165,-0.4594
0.7617,-0.038085,-0.4765
0.773,-0.03865,-0.4928
0.7837,-0.039185,-0.5158
0.7936,-0.03968,-0.5299
0.8028,-0.04014,-0.5433
0.8111,-0.040555,-0.5557
0.8187,-0.040935,-0.5672
0.8253,-0.041265,-0.5775
0.8315,-0.041575,-0.587
0.8404,-0.04202,-0.5953
0.8532,-0.04266,-0.603
0.8697,-0.043485,-0.6142
0.8889,-0.044445,-0.6302
0.9073,-0.045365,-0.6508
0.9161,-0.045805,-0.6748
0.941,-0.04705,-0.6978
0.9636,-0.04818,-0.7088
0.9836,-0.04918,-0.7399
0.9955,-0.049775,-0.7682
1.0063,-0.050315,-0.7932
1.0158,-0.05079,-0.808
1.0201,-0.051005,-0.8215
1.031,-0.05155,-0.8334
1.034,-0.0517,-0.8388
1.0389,-0.051945,-0.8524
1.0424,-0.05212,-0.8562
1.0444,-0.05222,-0.8623
1.0449,-0.052245,-0.8667
1.0439,-0.052195,-0.8692
1.0429,-0.052145,-0.8698
1.0374,-0.05187,-0.8685
1.0318,-0.05159,-0.8673
1.0284,-0.05142,-0.8604
1.0206,-0.05103,-0.8534
1.0061,-0.050305,-0.8492
0.9947,-0.049735,-0.8394
0.9885,-0.049425,-0.8213
0.9751,-0.048755,-0.807
0.9604,-0.04802,-0.7993
0.9443,-0.047215,-0.7825
0.927,-0.04635,-0.7642
0.9083,-0.045415,-0.744
0.8948,-0.04474,-0.7224
0.8968,-0.04484,-0.699
0.9256,-0.04628,-0.6822
0.9486,-0.04743,-0.6847
0.9624,-0.04812,-0.7207
0.975,-0.04875,-0.7494
0.9863,-0.049315,-0.7667
0.9915,-0.049575,-0.7824
1.0008,-0.05004,-0.7965
1.0124,-0.05062,-0.803
1.0155,-0.050775,-0.8147
1.0208,-0.05104,-0.8292
1.0247,-0.051235,-0.833
1.0272,-0.05136,-0.8397
1.0283,-0.051415,-0.8445
1.0283,-0.051415,-0.8477
1.0272,-0.05136,-0.849
1.0247,-0.051235,-0.849
1.0207,-0.051035,-0.8477
1.0043,-0.050215,-0.8445
0.9951,-0.049755,-0.8395
0.9787,-0.048935,-0.819
0.959,-0.04795,-0.8075
0.9441,-0.047205,-0.787
0.9277,-0.046385,-0.7624
0.9006,-0.04503,-0.7438
0.8597,-0.042985,-0.7233
0.8372,-0.04186,-0.6894
0.8011,-0.040055,-0.6383
0.7755,-0.038775,-0.6102
0.7488,-0.03744,-0.565
0.7209,-0.036045,-0.533
0.677,-0.03385,-0.4997
0.6465,-0.032325,-0.4648
0.6151,-0.030755,-0.4099
0.5828,-0.02914,-0.3718
0.5496,-0.02748,-0.3325
0.5157,-0.025785,-0.2922
0.4811,-0.024055,-0.2507
0.4459,-0.022295,-0.2083
0.4108,-0.02054,-0.165
0.3848,-0.01924,-0.121
0.3967,-0.019835,-0.0772
0.3643,-0.018215,-0.0447
0.3845,-0.019225,-0.0595
0.4058,-0.02029,-0.019
0.4269,-0.021345,-0.0443
0.4478,-0.02239,-0.0709
0.4787,-0.023935,-0.0973
0.4989,-0.024945,-0.1234
0.519,-0.02595,-0.162
0.5581,-0.027905,-0.1873
0.5866,-0.02933,-0.2124
0.6051,-0.030255,-0.2613
0.6321,-0.031605,-0.2969
0.6495,-0.032475,-0.32
0.6664,-0.03332,-0.3538
0.6827,-0.034135,-0.3755
0.6985,-0.034925,-0.3967
0.7061,-0.035305,-0.417
0.7209,-0.036045,-0.4368
0.735,-0.03675,-0.4463
0.7483,-0.037415,-0.4648
0.7669,-0.038345,-0.4824
0.7786,-0.03893,-0.499
0.7983,-0.039915,-0.5223
0.8126,-0.04063,-0.5369
0.8501,-0.042505,-0.5615
0.892,-0.0446,-0.5794
0.953,-0.04765,-0.6263
0.9923,-0.049615,-0.6787
1.049,-0.05245,-0.7549
1.0851,-0.054255,-0.804
1.1197,-0.055985,-0.8749
1.1687,-0.058435,-0.92
1.2281,-0.061405,-0.9633
1.2803,-0.064015,-1.0245
1.3144,-0.06572,-1.0988
1.3611,-0.068055,-1.164
1.3688,-0.06844,-1.2067
1.3888,-0.06944,-1.265
1.3993,-0.069965,-1.2747
1.4076,-0.07038,-1.2997
1.4134,-0.07067,-1.3128
1.4283,-0.071415,-1.3232
1.4612,-0.07306,-1.3304
1.5106,-0.07553,-1.349
1.5707,-0.078535,-1.3902
1.6023,-0.080115,-1.4519
1.6637,-0.083185,-1.527
1.7224,-0.08612,-1.5665
1.805,-0.09025,-1.6433
1.8565,-0.092825,-1.7167
1.9277,-0.096385,-1.8199
1.9916,-0.09958,-1.8843
2.0477,-0.102385,-1.9733
2.0806,-0.10403,-2.0532
2.123,-0.10615,-2.1233
2.1659,-0.108295,-2.1644
2.1876,-0.10938,-2.2174
2.1969,-0.109845,-2.271
2.2028,-0.11014,-2.2982
2.1913,-0.109565,-2.3098
2.1712,-0.10856,-2.3172
2.1522,-0.10761,-2.3028
2.101,-0.10505,-2.2777
2.0687,-0.103435,-2.2539
2.032,-0.1016,-2.1899
1.9909,-0.099545,-2.1495
1.9456,-0.09728,-2.1037
1.896,-0.0948,-2.0523
1.8139,-0.090695,-1.9957
1.754,-0.0877,-1.9337
1.6901,-0.084505,-1.831
1.6224,-0.08112,-1.7562
1.5509,-0.077545,-1.6763
1.5138,-0.07569,-1.5917
1.4371,-0.071855,-1.5023
1.3569,-0.067845,-1.4559
1.2735,-0.063675,-1.36
1.1909,-0.059545,-1.2598
1.1207,-0.056035,-1.1555
1.0565,-0.052825,-1.0523
1.0229,-0.051145,-0.9645
1.0068,-0.05034,-0.8843
0.9731,-0.048655,-0.8423
0.9373,-0.046865,-0.8222
0.9186,-0.04593,-0.78
0.8393,-0.041965,-0.7353
0.797,-0.03985,-0.7119
0.7305,-0.036525,-0.6128
0.6843,-0.034215,-0.5599
0.6366,-0.03183,-0.4768
0.5877,-0.029385,-0.419
0.5376,-0.02688,-0.3594
0.5122,-0.02561,-0.2983
0.4606,-0.02303,-0.2357
0.4345,-0.021725,-0.2039
0.3816,-0.01908,-0.1394
0.3549,-0.017745,-0.1068
0.3054,-0.01527,-0.0407
0.2995,-0.014975,-0.0073
0.2994,-0.01497,0.0546
0.3132,-0.01566,0.062
0.3579,-0.017895,0.0621
0.3874,-0.01937,0.0448
0.4021,-0.020105,-0.011
0.4313,-0.021565,-0.0479
0.4458,-0.02229,-0.0663
0.4747,-0.023735,-0.1028
0.5032,-0.02516,-0.1209
0.5174,-0.02587,-0.157
0.5315,-0.026575,-0.1927
0.5594,-0.02797,-0.2104
0.5869,-0.029345,-0.228
0.6005,-0.030025,-0.2629
0.6274,-0.03137,-0.2973
0.6406,-0.03203,-0.3143
0.6538,-0.03269,-0.3479
0.6796,-0.03398,-0.3644
0.6922,-0.03461,-0.3809
0.7293,-0.036465,-0.4132
0.7413,-0.037065,-0.4289
0.7762,-0.03881,-0.4753
0.8093,-0.040465,-0.4903
0.8198,-0.04099,-0.5339
0.8402,-0.04201,-0.5753
0.8594,-0.04297,-0.5884
0.8698,-0.04349,-0.6139
0.9181,-0.045905,-0.6379
0.9541,-0.047705,-0.6509
1.0607,-0.053035,-0.7113
1.1782,-0.05891,-0.7563
1.2942,-0.06471,-0.8895
1.3516,-0.06758,-1.0364
1.465,-0.07325,-1.1814
1.5764,-0.07882,-1.2532
1.6313,-0.081565,-1.3949
1.7392,-0.08696,-1.5342
1.7923,-0.089615,-1.6028
1.8962,-0.09481,-1.7377
1.9972,-0.09986,-1.804
2.0466,-0.10233,-1.9339
2.1428,-0.10714,-2.0602
2.2354,-0.11177,-2.1219
2.2803,-0.114015,-2.2422
2.3242,-0.11621,-2.3579
2.409,-0.12045,-2.414
2.4498,-0.12249,-2.4689
2.528,-0.1264,-2.5749
2.7508,-0.13754,-2.6259
2.6789,-0.133945,-2.7237
2.8352,-0.14176,-3.0022
2.9641,-0.148205,-2.9123
3.1475,-0.157375,-3.1077
3.2623,-0.163115,-3.2688
3.3706,-0.16853,-3.498
3.4721,-0.173605,-3.6415
3.5666,-0.17833,-3.7769
3.6111,-0.180555,-3.9038
3.6945,-0.184725,-4.0219
3.7702,-0.18851,-4.0775
3.838,-0.1919,-4.1818
3.8689,-0.193445,-4.2764
3.9242,-0.19621,-4.3612
3.971,-0.19855,-4.3998
4.0091,-0.200455,-4.4689
4.0367,-0.201835,-4.5274
4.0462,-0.20231,-4.575
4.0566,-0.20283,-4.6095
4.0556,-0.20278,-4.6214
4.0431,-0.202155,-4.6344
4.0327,-0.201635,-4.6332
4.003,-0.20015,-4.6175
3.9607,-0.198035,-4.6045
3.8754,-0.19377,-4.5674
3.805,-0.19025,-4.5145
3.7659,-0.188295,-4.4079
3.6811,-0.184055,-4.3199
3.6146,-0.18073,-4.271
3.5802,-0.17901,-4.165
3.5551,-0.177755,-4.0819
3.552,-0.1776,-4.0389
3.5894,-0.17947,-4.0075
3.611,-0.18055,-4.0037
3.616,-0.1808,-4.0504
3.609,-0.18045,-4.0774
3.6027,-0.180135,-4.0837
3.584,-0.1792,-4.0749
3.5572,-0.17786,-4.067
3.5221,-0.176105,-4.0437
3.5014,-0.17507,-4.0102
3.4539,-0.172695,-3.9663
3.4271,-0.171355,-3.9404
3.3672,-0.16836,-3.881
3.262,-0.1631,-3.8475
3.1817,-0.159085,-3.7727
3.0935,-0.154675,-3.6412
3.0464,-0.15232,-3.5408
2.9465,-0.147325,-3.4305
2.8501,-0.142505,-3.3717
2.8102,-0.14051,-3.2468
2.7408,-0.13704,-3.1263
2.6793,-0.133965,-3.0764
2.6111,-0.130555,-2.9897
2.5744,-0.12872,-2.9128
2.4964,-0.12482,-2.8275
2.4549,-0.122745,-2.7817
2.3674,-0.11837,-2.6842
2.3213,-0.116065,-2.6323
2.2247,-0.111235,-2.5229
2.1223,-0.106115,-2.4653
2.0689,-0.103445,-2.3445
1.8419,-0.092095,-2.2165
1.7204,-0.08602,-2.1498
1.5291,-0.076455,-1.866
1.398,-0.0699,-1.7142
1.3107,-0.065535,-1.475
1.2862,-0.06431,-1.3112
1.2703,-0.063515,-1.202
1.2523,-0.062615,-1.1714
1.2328,-0.06164,-1.1515
1.2219,-0.061095,-1.129
1.1975,-0.059875,-1.1047
1.1841,-0.059205,-1.091
1.155,-0.05775,-1.0605
1.1231,-0.056155,-1.0438
1.1061,-0.055305,-1.0074
1.0701,-0.053505,-0.9675
1.0511,-0.052555,-0.9463
1.0114,-0.05057,-0.9013
0.9907,-0.049535,-0.8775
0.9476,-0.04738,-0.8279
0.9023,-0.045115,-0.802
0.879,-0.04395,-0.7482
0.8308,-0.04154,-0.6915
0.7807,-0.039035,-0.6624
0.755,-0.03775,-0.6022
0.6755,-0.033775,-0.5395
0.6483,-0.032415,-0.5074
0.5357,-0.026785,-0.408
0.5068,-0.02534,-0.374
0.4481,-0.022405,-0.2333
0.3884,-0.01942,-0.1972
0.2666,-0.01333,-0.1238
0.2046,-0.01023,-0.0492
0.1418,-0.00709,0.1031
0.1558,-0.00779,0.1806
0.212,-0.0106,0.2591
0.2706,-0.01353,0.2416
0.3,-0.015,0.1713
0.3586,-0.01793,0.0981
0.4172,-0.02086,0.0613
0.4758,-0.02379,-0.0119
0.5342,-0.02671,-0.0852
0.5925,-0.029625,-0.1584
0.6215,-0.031075,-0.2314
0.6793,-0.033965,-0.3043
0.708,-0.0354,-0.3405
0.7365,-0.036825,-0.4128
0.7933,-0.039665,-0.4487
0.8493,-0.042465,-0.4843
0.877,-0.04385,-0.5553
0.9318,-0.04659,-0.6253
0.9856,-0.04928,-0.6599
1.0121,-0.050605,-0.7284
1.064,-0.0532,-0.7957
1.1146,-0.05573,-0.8288
1.1393,-0.056965,-0.8937
1.1874,-0.05937,-0.9569
1.2337,-0.061685,-0.9878
1.2562,-0.06281,-1.0479
1.3014,-0.06507,-1.1058
1.3631,-0.068155,-1.1339
1.3637,-0.068185,-1.1904
1.4454,-0.07227,-1.2675
1.5335,-0.076675,-1.2683
1.6191,-0.080955,-1.3704
1.7426,-0.08713,-1.4805
1.7823,-0.089115,-1.5875
1.8968,-0.09484,-1.7419
1.9334,-0.09667,-1.7915
2.0039,-0.100195,-1.9347
2.0378,-0.10189,-1.9804
2.1027,-0.105135,-2.0685
2.1637,-0.108185,-2.1109
2.1927,-0.109635,-2.192
2.2474,-0.11237,-2.2683
2.2977,-0.114885,-2.3045
2.3211,-0.116055,-2.3729
2.473,-0.12365,-2.4358
2.4638,-0.12319,-2.465
2.5148,-0.12574,-2.6549
2.6233,-0.131165,-2.6434
2.7295,-0.136475,-2.7072
2.83,-0.1415,-2.8428
2.9245,-0.146225,-2.9755
3.0128,-0.15064,-3.1012
3.0546,-0.15273,-3.2193
3.1331,-0.156655,-3.3297
3.2049,-0.160245,-3.3819
3.2697,-0.163485,-3.48
3.2995,-0.164975,-3.5698
3.3534,-0.16767,-3.6508
3.3999,-0.169995,-3.688
3.4386,-0.17193,-3.7554
3.4551,-0.172755,-3.8135
3.482,-0.1741,-3.8619
3.5008,-0.17504,-3.8825
3.5115,-0.175575,-3.9162
3.512,-0.1756,-3.9397
3.5018,-0.17509,-3.953
3.4706,-0.17353,-3.9537
3.456,-0.1728,-3.9409
3.4204,-0.17102,-3.9019
3.3995,-0.169975,-3.8837
3.3511,-0.167555,-3.8392
3.2944,-0.16472,-3.813
3.2292,-0.16146,-3.7525
3.1935,-0.159675,-3.6817
3.1159,-0.155795,-3.6002
3.0301,-0.151505,-3.5555
2.9843,-0.149215,-3.4585
2.8867,-0.144335,-3.3513
2.837,-0.14185,-3.294
2.7427,-0.137135,-3.172
2.6599,-0.132995,-3.1099
2.5885,-0.129425,-2.992
2.553,-0.12765,-2.8885
2.4769,-0.123845,-2.7993
2.3941,-0.119705,-2.7549
2.3049,-0.115245,-2.6598
2.2579,-0.112895,-2.5563
2.1594,-0.10797,-2.4448
2.0551,-0.102755,-2.386
2.0008,-0.10004,-2.2629
1.8882,-0.09441,-2.1325
1.7702,-0.08851,-2.0647
1.7093,-0.085465,-1.9239
1.5839,-0.079195,-1.7764
1.4537,-0.072685,-1.7003
1.2503,-0.062515,-1.5435
1.1095,-0.055475,-1.3808
0.8914,-0.04457,-1.1265
0.742,-0.0371,-0.9505
0.6662,-0.03331,-0.6779
0.5128,-0.02564,-0.4912
0.3572,-0.01786,-0.3964
0.2787,-0.013935,-0.2047
0.1206,-0.00603,-0.0102
-0.0712,0.00356,0.088
-0.1562,0.00781,0.2856
-0.2117,0.010585,0.5253
-0.3225,0.016125,0.6316
-0.3774,0.01887,0.701
-0.4871,0.024355,0.8395
-0.5417,0.027085,0.9081
-0.6502,0.03251,1.0452
-0.7578,0.03789,1.1135
-0.8639,0.043195,1.2491
-0.9163,0.045815,1.3836
-1.0195,0.050975,1.5162
-1.1205,0.056025,1.5817
-1.17,0.0585,1.7107
-1.2668,0.06334,1.837
-1.314,0.0657,1.8988
-1.406,0.0703,2.0198
-1.4506,0.07253,2.0788
-1.537,0.07685,2.1938
-1.5788,0.07894,2.2496
-1.6591,0.082955,2.3576
-1.735,0.08675,2.4098
-1.7712,0.08856,2.5102
-1.84,0.092,2.6051
-1.9338,0.09669,2.6503
-1.9898,0.09949,2.7363
-2.0402,0.10201,2.8536
-2.0849,0.104245,2.9236
-2.1236,0.10618,2.9866
-2.1562,0.10781,3.0425
-2.1825,0.109125,3.0908
-2.1933,0.109665,3.1316
-2.2099,0.110495,3.1645
-2.2157,0.110785,3.178
-2.2198,0.11099,3.1987
-2.2229,0.111145,3.206
-2.2192,0.11096,3.2111
-2.2148,0.11074,3.215
-2.2086,0.11043,3.2103
-2.191,0.10955,3.2048
-2.1796,0.10898,3.1971
-2.1301,0.106505,3.1751
-2.1036,0.10518,3.1608
-2.0725,0.103625,3.099
-1.9978,0.09989,3.0658
-1.9063,0.095315,3.027
-1.8561,0.092805,2.9336
-1.7498,0.08749,2.8192
-1.6942,0.08471,2.7565
-1.5782,0.07891,2.6236
-1.456,0.0728,2.5541
-1.3926,0.06963,2.4091
-1.3278,0.06639,2.2563
-1.1938,0.05969,2.1771
-0.9827,0.049135,2.0961
-0.8355,0.041775,1.9286
-0.6835,0.034175,1.6647
-0.4474,0.02237,1.4807
-0.2849,0.014245,1.2907
-0.0348,0.00174,0.9956
0.1359,-0.006795,0.7925
0.3092,-0.01546,0.4798
0.3967,-0.019835,0.2665
0.5731,-0.028655,0.0498
0.751,-0.03755,-0.0595
0.8403,-0.042015,-0.28
1.0195,-0.050975,-0.5024
1.199,-0.05995,-0.614
1.2887,-0.064435,-0.838
1.4677,-0.073385,-1.0624
1.6459,-0.082295,-1.1745
1.7345,-0.086725,-1.3983
1.9104,-0.09552,-1.621
1.9976,-0.09988,-1.7318
2.1701,-0.108505,-1.9517
2.2553,-0.112765,-2.0607
2.4234,-0.12117,-2.2763
2.5878,-0.12939,-2.3828
2.6684,-0.13342,-2.5929
2.8263,-0.141315,-2.7984
2.9034,-0.14517,-2.8992
3.0536,-0.15268,-3.0965
3.1982,-0.15991,-3.1929
3.2682,-0.16341,-3.3807
3.403,-0.17015,-3.5614
3.5864,-0.17932,-3.6489
3.642,-0.1821,-3.8174
3.7445,-0.187225,-4.0467
3.7914,-0.18957,-4.1162
3.9157,-0.195785,-4.2443
3.985,-0.19925,-4.3029
4.0406,-0.20203,-4.4583
4.1003,-0.205015,-4.5449
4.1144,-0.20572,-4.6144
4.1342,-0.20671,-4.689
4.1431,-0.207155,-4.7067
4.1415,-0.207075,-4.7314
4.1361,-0.206805,-4.7425
4.1155,-0.205775,-4.7405
4.0889,-0.204445,-4.7338
4.0944,-0.20472,-4.708
4.1726,-0.20863,-4.6748
4.0926,-0.20463,-4.6817
4.0799,-0.203995,-4.7794
4.0854,-0.20427,-4.6794
4.101,-0.20505,-4.6635
4.1042,-0.20521,-4.6704
4.1034,-0.20517,-4.6899
4.0986,-0.20493,-4.6939
4.0869,-0.204345,-4.6929
4.0786,-0.20393,-4.6869
4.0611,-0.203055,-4.6723
4.0426,-0.20213,-4.6619
4.0232,-0.20116,-4.64
4.0132,-0.20066,-4.6169
3.9928,-0.19964,-4.5927
3.9718,-0.19859,-4.5802
3.9395,-0.196975,-4.5547
3.9122,-0.19561,-4.5284
3.8964,-0.19482,-4.488
3.8818,-0.19409,-4.4539
3.8679,-0.193395,-4.4342
3.8503,-0.192515,-4.4159
3.8239,-0.191195,-4.3985
3.808,-0.1904,-4.3765
3.7714,-0.18857,-4.3435
3.7282,-0.18641,-4.3237
3.7042,-0.18521,-4.2779
3.6517,-0.182585,-4.2239
3.623,-0.18115,-4.1939
3.561,-0.17805,-4.1283
3.4924,-0.17462,-4.0924
3.4557,-0.172785,-4.0149
3.3776,-0.16888,-3.9292
3.2932,-0.16466,-3.8833
3.2487,-0.162435,-3.7857
3.1553,-0.157765,-3.6802
3.056,-0.1528,-3.6245
3.0043,-0.150215,-3.5078
2.8966,-0.14483,-3.3837
2.8407,-0.142035,-3.319
2.7251,-0.136255,-3.1844
2.6043,-0.130215,-3.1145
2.4785,-0.123925,-2.97
2.3479,-0.117395,-2.819
2.2809,-0.114045,-2.6618
2.1437,-0.107185,-2.4985
2.0022,-0.10011,-2.4148
1.9299,-0.096495,-2.2433
1.7075,-0.085375,-2.0664
1.477,-0.07385,-1.976
1.3191,-0.065955,-1.698
1.1583,-0.057915,-1.4099
0.9948,-0.04974,-1.2125
0.8289,-0.041445,-1.0115
0.661,-0.03305,-0.8072
0.4912,-0.02456,-0.5998
0.2336,-0.01168,-0.3899
0.0604,-0.00302,-0.1777
-0.1136,0.00568,0.1443
-0.2882,0.01441,0.3608
-0.3755,0.018775,0.5783
-0.55,0.0275,0.7966
-0.7242,0.03621,0.9057
-0.8976,0.04488,1.1238
-1.0702,0.05351,1.3416
-1.2413,0.062065,1.5583
-1.3263,0.066315,1.7741
-1.4948,0.07474,1.988
-1.661,0.08305,2.0942
-1.8248,0.09124,2.3048
-1.9056,0.09528,2.5126
-2.0648,0.10324,2.7173
-2.2206,0.11103,2.8183
-2.3728,0.11864,3.0173
-2.5208,0.12604,3.2121
-2.8715,0.143575,3.4023
-3.0034,0.15017,3.5873
-3.191,0.15955,4.0257
-3.3088,0.16544,4.1906
-3.4204,0.17102,4.4251
-3.5254,0.17627,4.5723
-3.6235,0.181175,4.7118
-3.6699,0.183495,4.8431
-3.7572,0.18786,4.9657
-3.874,0.1937,5.0237
-3.909,0.19545,5.1328
-3.973,0.19865,5.2788
-4.0287,0.201435,5.3226
-4.0761,0.203805,5.4026
-4.1148,0.20574,5.4722
-4.1447,0.207235,5.5315
-4.1657,0.208285,5.5798
-4.1728,0.20864,5.6172
-4.1802,0.20901,5.6435
-4.1784,0.20892,5.6523
-4.1673,0.208365,5.6616
-4.1468,0.20734,5.6593
-4.117,0.20585,5.6455
-4.0778,0.20389,5.6198
-4.0292,0.20146,5.5826
-3.8668,0.19334,5.5336
-3.7856,0.18928,5.4728
-3.5428,0.17714,5.2698
-3.3703,0.168515,5.1683
-3.1784,0.15892,4.8648
-3.04,0.152,4.6492
-2.8177,0.140885,4.4093
-2.5781,0.128905,4.2363
-2.4092,0.12046,3.9585
-2.2335,0.111675,3.659
-2.0512,0.10256,3.4478
-1.8627,0.093135,3.2282
-1.569,0.07845,3.0003
-1.3663,0.068315,2.7647
-1.1585,0.057925,2.3976
-0.9461,0.047305,2.1442
-0.7295,0.036475,1.8845
-0.3973,0.019865,1.619
0.1731,-0.008655,1.3482
0.2894,-0.01447,0.933
0.523