cte,steer,angle
0.7598,-0.79779,0
0.7598,-0.03799,0
0.7598,-0.03799,-19.5084
0.7598,-0.03799,-0.5134
0.7598,-0.03799,-0.5134
0.7598,-0.03799,-0.5134
0.7598,-0.03799,-0.5134
0.7598,-0.03799,-0.5134
0.7598,-0.03799,-0.5134
0.7598,-0.03799,-0.5134
0.7597,-0.037885,-0.5134
0.7596,-0.03788,-0.5134
0.7595,-0.037875,-0.5108
0.7594,-0.03787,-0.5107
0.7592,-0.03776,-0.5105
0.7591,-0.037855,-0.5104
0.7589,-0.037745,-0.5077
0.7587,-0.037735,-0.51
0.7585,-0.037725,-0.5073
0.7583,-0.037715,-0.507
0.758,-0.0376,-0.5068
0.7578,-0.03769,-0.5065
0.7576,-0.03768,-0.5037
0.7573,-0.037565,-0.5059
0.757,-0.03755,-0.5057
0.7567,-0.037535,-0.5028
0.7564,-0.03752,-0.5024
0.7562,-0.03761,-0.502
0.7558,-0.03739,-0.5017
0.7554,-0.03737,-0.5039
0.7552,-0.03756,-0.4984
0.7547,-0.037235,-0.4979
0.7543,-0.037315,-0.5027
0.754,-0.0374,-0.4945
0.7535,-0.037175,-0.4965
0.7529,-0.037045,-0.4987
0.7523,-0.037015,-0.493
0.7517,-0.036985,-0.4898
0.751,-0.03685,-0.489
0.7507,-0.037235,-0.4883
0.7499,-0.036695,-0.4849
0.7495,-0.037075,-0.4945
0.7487,-0.036635,-0.481
0.7479,-0.036595,-0.4905
0.7475,-0.036975,-0.4795
0.7466,-0.03643,-0.4785
0.7461,-0.036805,-0.488
0.7447,-0.035835,-0.4744
0.7441,-0.036605,-0.4838
0.7436,-0.03668,-0.4595
0.7425,-0.036025,-0.4788
0.7414,-0.03597,-0.4807
0.7408,-0.03644,-0.4643
0.7395,-0.035675,-0.4629
0.7382,-0.03561,-0.4747
0.7369,-0.035545,-0.4555
0.7362,-0.03611,-0.4539
0.7348,-0.03534,-0.4523
0.7333,-0.035165,-0.4664
0.7325,-0.035825,-0.4472
0.7309,-0.034945,-0.4428
0.7301,-0.035705,-0.4593
0.7276,-0.03388,-0.4373
0.7267,-0.035435,-0.4563
0.7258,-0.03539,-0.4107
0.7239,-0.034295,-0.4495
0.722,-0.0342,-0.4484
0.721,-0.03505,-0.421
0.7159,-0.030695,-0.4187
0.7137,-0.033485,-0.4399
0.7126,-0.03453,-0.331
0.7092,-0.03206,-0.4008
0.708,-0.0342,-0.4269
0.7043,-0.031515,-0.3652
0.7018,-0.03259,-0.4187
0.6992,-0.03236,-0.3515
0.6965,-0.032125,-0.3784
0.6952,-0.03346,-0.3727
0.6924,-0.03182,-0.3668
0.6895,-0.031575,-0.4002
0.6874,-0.03227,-0.3592
0.6864,-0.03332,-0.353
0.6869,-0.034845,-0.3704
0.6879,-0.035395,-0.3967
0.6895,-0.036075,-0.4348
0.6952,-0.04046,-0.4485
0.6903,-0.029615,-0.4655
0.6898,-0.03399,-0.5752
0.6896,-0.03428,-0.304
0.6902,-0.03511,-0.4134
0.6917,-0.036085,-0.4207
0.694,-0.037,-0.4414
0.6954,-0.03617,-0.4658
0.6986,-0.03813,-0.4887
0.7004,-0.03682,-0.4679
0.7041,-0.038905,-0.5169
0.7082,-0.03951,-0.4842
0.7102,-0.03751,-0.5363
0.7143,-0.039815,-0.5514
0.7183,-0.039915,-0.5014
0.7203,-0.038015,-0.559
0.7223,-0.038115,-0.5615
0.7262,-0.04021,-0.514
0.7282,-0.03841,-0.5165
0.7321,-0.040505,-0.5689
0.736,-0.0407,-0.5239
0.7379,-0.038795,-0.5763
0.7417,-0.040885,-0.5812
0.7455,-0.041075,-0.5335
0.7492,-0.04116,-0.5858
0.7528,-0.04124,-0.5905
0.7563,-0.041315,-0.5927
0.7598,-0.04149,-0.5947
0.7615,-0.039775,-0.5965
0.7649,-0.041645,-0.6009
0.7698,-0.04339,-0.558
0.7714,-0.04017,-0.6048
0.7745,-0.041825,-0.6484
0.7776,-0.04198,-0.5679
0.7833,-0.044865,-0.6093
0.7861,-0.042105,-0.6132
0.7899,-0.043295,-0.6853
0.7934,-0.04317,-0.6163
0.7957,-0.042085,-0.646
0.7977,-0.041885,-0.6429
0.7997,-0.041985,-0.6158
0.8015,-0.041875,-0.6108
0.8033,-0.041965,-0.6133
0.8048,-0.04174,-0.6105
0.8069,-0.042445,-0.6128
0.8082,-0.04171,-0.6072
0.8093,-0.041565,-0.6248
0.8097,-0.040885,-0.6064
0.8106,-0.04143,-0.6028
0.8115,-0.041475,-0.5858
0.8118,-0.04089,-0.5994
0.8121,-0.040905,-0.6005
0.8121,-0.040605,-0.5859
0.8121,-0.040605,-0.5863
0.8119,-0.040395,-0.5788
0.8115,-0.040175,-0.5788
0.8109,-0.039945,-0.5735
0.8101,-0.039705,-0.568
0.8092,-0.03956,-0.5623
0.8081,-0.039305,-0.5563
0.8068,-0.03904,-0.5527
0.8053,-0.038765,-0.5463
0.8036,-0.03848,-0.5397
0.8028,-0.03934,-0.5328
0.8008,-0.03804,-0.5257
0.7975,-0.036575,-0.5472
0.7951,-0.037355,-0.5147
0.7925,-0.037025,-0.478
0.7912,-0.03826,-0.4975
0.7868,-0.03494,-0.4893
0.7836,-0.03598,-0.5202
0.7802,-0.03561,-0.4372
0.7767,-0.035335,-0.4632
0.773,-0.03495,-0.4539
0.7691,-0.034555,-0.447
0.765,-0.03415,-0.4374
0.754,-0.0267,-0.4275
0.7492,-0.03266,-0.4174
0.7444,-0.03242,-0.2312
0.7367,-0.029135,-0.3802
0.7287,-0.028435,-0.3742
0.7259,-0.033495,-0.292
0.7175,-0.027475,-0.2745
0.7117,-0.029785,-0.401
0.7056,-0.02918,-0.2505
0.7025,-0.032025,-0.3083
0.6898,-0.02179,-0.2932
0.6866,-0.03113,-0.3643
0.6767,-0.023935,-0.1084
0.6629,-0.019345,-0.3419
0.6558,-0.02569,-0.162
0.6487,-0.025335,-0.0473
0.6378,-0.02099,-0.2059
0.6266,-0.02013,-0.197
0.6228,-0.02734,-0.0884
0.612,-0.0198,-0.0669
0.6092,-0.02766,-0.2472
0.6039,-0.024895,-0.0587
0.6024,-0.02862,-0.2552
0.603,-0.03075,-0.186
0.6095,-0.036975,-0.2792
0.6122,-0.03331,-0.3324
0.6184,-0.03712,-0.488
0.6244,-0.03722,-0.3964
0.6329,-0.040145,-0.4917
0.6381,-0.037105,-0.4942
0.6431,-0.037155,-0.5673
0.6478,-0.03709,-0.4913
0.6563,-0.041315,-0.4925
0.6601,-0.036805,-0.4909
0.6636,-0.03668,-0.5965
0.6711,-0.041055,-0.4838
0.6724,-0.03492,-0.4807
0.6757,-0.037085,-0.59
0.6776,-0.03578,-0.4367
0.6791,-0.035455,-0.4908
0.6804,-0.03532,-0.4582
0.6813,-0.034965,-0.45
0.6823,-0.035115,-0.4467
0.6825,-0.034325,-0.4378
0.6824,-0.03402,-0.4415
0.6822,-0.03391,-0.4218
0.6812,-0.03306,-0.4142
0.6802,-0.03301,-0.4114
0.6789,-0.032645,-0.3902
0.6773,-0.032265,-0.3889
0.6755,-0.031975,-0.3798
0.671,-0.02905,-0.3703
0.6684,-0.03082,-0.363
0.664,-0.0288,-0.2899
0.6592,-0.02816,-0.3342
0.6537,-0.027185,-0.2837
0.6499,-0.028695,-0.2677
0.6458,-0.02819,-0.2433
0.637,-0.02305,-0.281
0.6323,-0.026915,-0.2684
0.6274,-0.02647,-0.1399
0.625,-0.02885,-0.2365
0.6145,-0.020225,-0.2254
0.6117,-0.027785,-0.2849
0.6062,-0.02481,-0.0693
0.5975,-0.021175,-0.2583
0.5884,-0.02032,-0.1839
0.5822,-0.02291,-0.093
0.5759,-0.022495,-0.0717
0.5695,-0.022075,-0.1364
0.5629,-0.021545,-0.126
0.5461,-0.010505,-0.1155
0.5356,-0.01628,-0.1023
0.5287,-0.019535,0.1737
0.522,-0.0194,0.0293
0.5176,-0.02148,-0.052
0.5162,-0.02441,-0.0487
0.5186,-0.02833,-0.1007
0.5303,-0.038215,-0.1739
0.5356,-0.03208,-0.2719
0.5511,-0.043055,-0.519
0.5609,-0.037845,-0.3657
0.5792,-0.04726,-0.64
0.5835,-0.033475,-0.5098
0.5953,-0.041565,-0.7452
0.6095,-0.044675,-0.4005
0.6191,-0.040555,-0.6028
0.6247,-0.036835,-0.6805
0.6322,-0.03911,-0.5775
0.6366,-0.03623,-0.4845
0.6422,-0.03771,-0.5414
0.6454,-0.03547,-0.4694
0.6493,-0.036365,-0.5064
0.6536,-0.03698,-0.4504
0.6545,-0.033625,-0.4728
0.655,-0.03325,-0.4882
0.6546,-0.03233,-0.4043
0.6538,-0.03189,-0.3949
0.6519,-0.030695,-0.3719
0.6501,-0.030705,-0.3609
0.6468,-0.02904,-0.331
0.6455,-0.030975,-0.3313
0.6427,-0.029335,-0.2897
0.6396,-0.02888,-0.338
0.6361,-0.028305,-0.297
0.6323,-0.027815,-0.2857
0.6282,-0.02731,-0.2713
0.6238,-0.02679,-0.259
0.6166,-0.02363,-0.2464
0.6115,-0.025475,-0.2334
0.6035,-0.022175,-0.1544
0.5978,-0.02419,-0.2005
0.589,-0.02065,-0.118
0.5829,-0.023045,-0.1684
0.5767,-0.022635,-0.0799
0.5703,-0.022115,-0.1398
0.5717,-0.029985,-0.1295
0.5764,-0.03352,-0.1165
0.5857,-0.038585,-0.3133
0.5985,-0.042725,-0.4017
0.6246,-0.05733,-0.5283
0.6368,-0.04404,-0.6318
0.6481,-0.043705,-0.9969
0.6587,-0.043535,-0.6647
0.6685,-0.043225,-0.6563
0.6821,-0.047705,-0.652
0.6903,-0.042715,-0.6443
0.6941,-0.038505,-0.7563
0.7044,-0.04552,-0.6315
0.7105,-0.041625,-0.5263
0.7159,-0.041195,-0.7017
0.7205,-0.040625,-0.6043
0.7262,-0.04201,-0.5935
0.7303,-0.040615,-0.5793
0.7322,-0.03851,-0.6139
0.7333,-0.037765,-0.579
0.7338,-0.03719,-0.5264
0.7337,-0.036585,-0.5078
0.733,-0.03595,-0.4934
0.7307,-0.034235,-0.4783
0.7285,-0.034225,-0.4624
0.7257,-0.033485,-0.4195
0.7205,-0.030825,-0.4193
0.7163,-0.031615,-0.4008
0.7117,-0.030985,-0.3343
0.7038,-0.02729,-0.354
0.698,-0.0291,-0.3383
0.6886,-0.02503,-0.2459
0.6852,-0.03086,-0.2912
0.6747,-0.023235,-0.1894
0.651,-0.00885,-0.3352
0.6379,-0.018795,-0.1445
0.6248,-0.01814,0.2151
0.6116,-0.01738,-0.0335
0.608,-0.0268,-0.0172
0.6055,-0.027775,0.0018
0.6147,-0.039935,-0.2337
0.6256,-0.04218,-0.258
0.6427,-0.049235,-0.562
0.6534,-0.04337,-0.6182
0.6632,-0.04296,-0.7945
0.6764,-0.04702,-0.6479
0.698,-0.0565,-0.6377
0.7059,-0.043195,-0.7392
0.7099,-0.039495,-0.9762
0.713,-0.03875,-0.6435
0.7153,-0.038065,-0.551
0.7177,-0.038285,-0.5324
0.7175,-0.035675,-0.5153
0.7164,-0.03472,-0.5208
0.7135,-0.032775,-0.4555
0.7074,-0.02927,-0.4317
0.7034,-0.03117,-0.383
0.6989,-0.030445,-0.2954
0.6938,-0.02959,-0.3429
0.6882,-0.02881,-0.3248
0.6789,-0.024645,-0.3034
0.6721,-0.026805,-0.2839
0.6649,-0.026045,-0.1798
0.6534,-0.02117,-0.2338
0.6452,-0.02406,-0.2148
0.6325,-0.018925,-0.0929
0.6236,-0.02228,-0.1652
0.61,-0.0169,-0.0368
0.5959,-0.015695,-0.1207
0.5863,-0.019715,0.0138
0.5767,-0.019235,0.044
0.5669,-0.018545,-0.0565
0.5571,-0.018055,-0.0445
0.5421,-0.012105,-0.0273
0.532,-0.0165,-0.015
0.522,-0.0161,0.1337
0.5141,-0.017805,0.0238
0.522,-0.034,0.0338
0.5321,-0.036705,-0.0088
0.569,-0.06535,-0.4137
0.5967,-0.057535,-0.4813
0.6361,-0.071205,-1.1974
0.6728,-0.07034,-1.002
0.6955,-0.057475,-1.3438
0.7166,-0.05693,-1.3222
0.7457,-0.066385,-1.0005
0.7634,-0.05587,-0.9869
0.7796,-0.05518,-1.2233
0.7943,-0.054415,-0.9604
0.8076,-0.05368,-0.9432
0.8251,-0.058755,-0.924
0.8434,-0.06047,-0.9057
0.8534,-0.05267,-1.0325
0.8598,-0.04939,-1.0754
0.8623,-0.045615,-0.8804
0.8634,-0.04427,-0.7984
0.8626,-0.04233,-0.704
0.8606,-0.04103,-0.6704
0.8532,-0.03526,-0.6219
0.8448,-0.03384,-0.5894
0.8381,-0.035205,-0.4452
0.8304,-0.03382,-0.4097
0.8219,-0.032595,-0.4438
0.8126,-0.03133,-0.4092
0.8025,-0.030025,-0.3785
0.7861,-0.022905,-0.3469
0.7744,-0.02702,-0.3143
0.7692,-0.03326,-0.1363
0.7618,-0.03069,-0.2392
0.7585,-0.034625,-0.3952
0.7595,-0.038975,-0.3309
0.7622,-0.04081,-0.4293
0.764,-0.04,-0.538
0.7651,-0.039355,-0.5839
0.7652,-0.03836,-0.5637
0.765,-0.03805,-0.5475
0.764,-0.0372,-0.5227
0.7621,-0.036205,-0.5149
0.7594,-0.03527,-0.4937
0.756,-0.0344,-0.4688
0.7518,-0.03339,-0.4454
0.7468,-0.03234,-0.4237
0.7441,-0.034505,-0.3984
0.7349,-0.027545,-0.3722
0.7314,-0.03307,-0.4263
0.7242,-0.02901,-0.2523
0.7163,-0.027915,-0.3904
0.7121,-0.031405,-0.2889
0.7033,-0.026365,-0.2615
0.694,-0.0254,-0.3488
0.6891,-0.029555,-0.2228
0.679,-0.02385,-0.1987
0.6683,-0.022715,-0.3025
0.6573,-0.021865,-0.1599
0.6516,-0.02688,-0.1315
0.64,-0.0204,-0.1103
0.628,-0.0194,-0.2357
0.6157,-0.018485,-0.0737
0.6095,-0.024275,-0.0487
0.5968,-0.01714,-0.0258
0.5839,-0.016295,-0.1705
0.5708,-0.01544,0.0078
0.5575,-0.014575,0.029
0.5443,-0.014015,0.0503
0.5438,-0.02669,0.072
0.5559,-0.039895,0.086
0.5571,-0.029055,-0.2309
0.577,-0.04875,-0.561
0.6033,-0.056465,-0.29
0.6297,-0.057885,-0.7824
0.6425,-0.044925,-0.9753
0.6671,-0.057955,-1.0108
0.6907,-0.058135,-0.6868
0.7021,-0.046505,-1.0125
0.7238,-0.05789,-1.017
0.7444,-0.05782,-0.7263
0.7542,-0.04751,-1.0109
0.7727,-0.057135,-1.0092
0.7899,-0.056695,-0.7514
0.8057,-0.056085,-0.992
0.8131,-0.048055,-0.981
0.8267,-0.054935,-0.9658
0.8389,-0.054145,-0.765
0.8496,-0.05318,-0.937
0.8588,-0.05214,-0.9173
0.8666,-0.05113,-0.8932
0.8699,-0.046795,-0.8672
0.8754,-0.04927,-0.8419
0.8823,-0.051015,-0.7335
0.8837,-0.045585,-0.7954
0.8837,-0.044185,-0.839
0.8822,-0.04261,-0.7033
0.8795,-0.041275,-0.6683
0.8756,-0.03988,-0.6289
0.8731,-0.041155,-0.5955
0.8674,-0.03767,-0.5607
0.8605,-0.036125,-0.5925
0.8526,-0.03473,-0.5054
0.8436,-0.03318,-0.4668
0.8336,-0.03168,-0.4319
0.8228,-0.03034,-0.3932
0.8049,-0.022345,-0.3557
0.792,-0.0267,-0.3222
0.7716,-0.01818,-0.1223
0.7573,-0.023565,-0.2312
0.7426,-0.02243,-0.0182
0.7274,-0.02117,-0.1528
0.7119,-0.020095,-0.1244
0.6959,-0.018795,-0.0929
0.6797,-0.017785,-0.066
0.6715,-0.025375,-0.0335
0.6549,-0.016145,-0.0083
0.6383,-0.015315,-0.198
0.6281,-0.021205,0.0327
0.6288,-0.03214,0.0535
0.6416,-0.04488,-0.0938
0.6587,-0.050035,-0.3672
0.699,-0.07525,-0.6857
0.7188,-0.05574,-0.8145
0.7572,-0.07626,-1.4449
0.7758,-0.05739,-0.9572
0.8116,-0.07638,-1.4702
0.8458,-0.07649,-0.9984
0.8782,-0.07631,-1.4732
0.9084,-0.07562,-1.4759
0.9365,-0.074925,-1.4714
0.9497,-0.060685,-1.4542
0.9744,-0.07342,-1.4368
0.9971,-0.072555,-1.0808
1.0175,-0.071275,-1.3992
1.0269,-0.060745,-1.3775
1.0437,-0.068985,-1.3455
1.0584,-0.06762,-1.0823
1.0708,-0.06594,-1.2883
1.0808,-0.06404,-1.2542
1.0884,-0.06202,-1.2122
1.0937,-0.059985,-1.1647
1.0966,-0.05773,-1.1142
1.0973,-0.055565,-1.0633
1.0969,-0.054445,-1.0069
1.0945,-0.052325,-0.9528
1.0901,-0.050105,-0.9248
1.0872,-0.05146,-0.8718
1.09,-0.0573,-0.8163
1.0958,-0.06059,-0.8502
1.1157,-0.075685,-0.9962
1.1363,-0.077415,-1.0784
1.1547,-0.076135,-1.4558
1.1629,-0.066345,-1.499
1.1776,-0.07358,-1.467
1.1899,-0.071795,-1.2223
1.1997,-0.069785,-1.4032
1.2072,-0.06786,-1.3585
1.2122,-0.06561,-1.3083
1.2148,-0.06334,-1.2602
1.2151,-0.061055,-1.2039
1.2144,-0.06002,-1.1472
1.209,-0.05505,-1.09
1.2027,-0.053835,-1.0642
1.1944,-0.05142,-0.9399
1.1895,-0.054575,-0.9095
1.1782,-0.04761,-0.8492
1.1651,-0.045155,-0.928
1.1502,-0.04261,-0.7539
1.1335,-0.039975,-0.6925
1.1152,-0.03746,-0.6289
1.0954,-0.03497,-0.563
1.085,-0.04385,-0.5002
1.0632,-0.03136,-0.4379
1.0641,-0.054105,-0.6599
1.0725,-0.062025,-0.3477
1.1021,-0.084705,-0.9163
1.1414,-0.09637,-1.1143
1.1614,-0.07807,-1.6813
1.1806,-0.07823,-1.9729
1.2173,-0.097565,-1.5154
1.2347,-0.079135,-1.5194
1.2672,-0.09586,-2.0028
1.297,-0.09465,-1.542
1.3238,-0.09299,-1.9602
1.3475,-0.091075,-1.9299
1.368,-0.0889,-1.8884
1.3771,-0.077955,-1.8405
1.3929,-0.085445,-1.7862
1.3998,-0.07689,-1.5125
1.4111,-0.081855,-1.6998
1.4196,-0.07948,-1.4859
1.4227,-0.074235,-1.61
1.4268,-0.07544,-1.5507
1.428,-0.0726,-1.4195
1.4276,-0.07098,-1.4497
1.4246,-0.06823,-1.3787
1.4188,-0.06514,-1.3382
1.4149,-0.066845,-1.2694
1.3994,-0.05447,-1.1922
1.3857,-0.055585,-1.2348
1.378,-0.0612,-0.9254
1.3516,-0.04118,-0.9533
1.3311,-0.046055,-1.0937
1.3086,-0.04293,-0.5932
1.2967,-0.052935,-0.715
1.2716,-0.03848,-0.6369
1.2445,-0.035125,-0.887
1.2158,-0.03209,-0.5257
1.2009,-0.045145,-0.4418
1.1702,-0.02781,-0.3659
1.1543,-0.041815,-0.6923
1.1216,-0.02338,-0.2589
1.0876,-0.02038,-0.609
1.0526,-0.01763,-0.1482
1.0348,-0.03394,-0.0732
0.9987,-0.013835,-0.0044
0.9617,-0.011085,-0.4122
0.943,-0.02845,0.0905
0.9053,-0.007565,0.1592
0.8671,-0.005155,-0.2749
0.8478,-0.02309,0.2472
0.8093,-0.001965,0.3075
0.7906,-0.02083,-0.1409
0.7624,-0.00992,0.3872
0.7595,-0.035075,-0.0844
0.7539,-0.032095,0.1883
0.7666,-0.05103,-0.4405
0.7918,-0.06479,-0.366
0.816,-0.065,-0.8394
0.8277,-0.053085,-1.1834
0.8498,-0.06459,-1.1887
0.8603,-0.053515,-0.8908
0.8801,-0.063805,-1.1784
0.8984,-0.06322,-0.9015
0.9069,-0.053845,-1.1588
0.9226,-0.06183,-1.1442
0.9366,-0.06083,-0.9098
0.943,-0.05355,-1.1094
0.9543,-0.059015,-1.0844
0.9637,-0.057585,-0.9024
0.9713,-0.056165,-1.039
0.9744,-0.05182,-1.0033
0.977,-0.05145,-0.9678
0.9808,-0.05284,-0.8592
0.9827,-0.051035,-0.8499
0.983,-0.04945,-0.8847
0.9889,-0.055345,-0.8395
1.0275,-0.089975,-0.7999
1.0591,-0.084555,-0.9473
1.136,-0.1337,-1.813
1.1745,-0.097225,-1.6775
1.2119,-0.097995,-2.9062
1.2843,-0.136615,-1.9943
1.3532,-0.13656,-2.0135
1.4179,-0.135595,-2.979
1.4484,-0.10292,-2.9777
1.4777,-0.103185,-2.9535
1.5333,-0.132265,-2.1367
1.5596,-0.10428,-2.1433
1.6085,-0.129325,-2.8703
1.6312,-0.10426,-2.1707
1.6527,-0.104135,-2.7968
1.6925,-0.124425,-2.1702
1.7279,-0.121795,-2.167
1.7438,-0.10309,-2.6743
1.772,-0.1168,-2.6085
1.7956,-0.11338,-2.1409
1.8144,-0.10952,-2.4837
1.822,-0.0987,-2.3982
1.8337,-0.103385,-2.3017
1.8378,-0.09599,-2.0312
1.8427,-0.097035,-2.1483
1.8435,-0.092975,-1.9634
1.8432,-0.09186,-1.9895
1.8394,-0.08817,-1.888
1.8314,-0.08357,-1.8602
1.8259,-0.085795,-1.7679
1.8178,-0.08279,-1.6529
1.835,-0.10895,-1.7085
1.8914,-0.15097,-1.6334
1.931,-0.13615,-2.2874
2.0059,-0.175195,-3.3379
2.0754,-0.17327,-2.9674
2.1078,-0.13779,-3.9435
2.1676,-0.16818,-3.8954
2.2215,-0.164975,-3.0084
2.2689,-0.160845,-3.7682
2.2901,-0.135705,-3.688
2.3273,-0.153565,-3.5848
2.3583,-0.148915,-2.9563
2.3714,-0.13167,-3.4028
2.3828,-0.13054,-3.2865
2.4011,-0.138355,-2.8554
2.4133,-0.132865,-2.8272
2.4193,-0.126965,-3.0225
2.4191,-0.120755,-2.8853
2.4167,-0.118435,-2.7378
2.4076,-0.11128,-2.5825
2.4035,-0.116075,-2.5245
2.4148,-0.13204,-2.3457
2.4475,-0.155075,-2.4655
2.4688,-0.14474,-2.8647
2.5092,-0.16586,-3.4405
2.5432,-0.16116,-3.1822
2.5576,-0.14228,-3.7102
2.5813,-0.152765,-3.5927
2.5985,-0.147125,-3.1207
2.6046,-0.13633,-3.3828
2.6128,-0.13884,-3.2418
2.6065,-0.124025,-2.9719
2.5943,-0.117515,-3.0347
2.5859,-0.120895,-2.6643
2.5646,-0.10693,-2.5015
2.5375,-0.099775,-2.586
2.5049,-0.092645,-2.2369
2.467,-0.08545,-2.058
2.4462,-0.10151,-1.8798
2.3768,-0.04944,-1.6999
2.3513,-0.092065,-2.1014
2.2978,-0.06139,-0.7997
2.2695,-0.085175,-1.8653
2.2103,-0.051315,-1.0984
2.1472,-0.04426,-1.693
2.1144,-0.07292,-0.8465
2.0467,-0.034635,-0.6702
1.9758,-0.02789,-1.3867
1.9394,-0.06057,-0.4295
1.865,-0.01885,-0.2609
1.8277,-0.054085,-1.0779
1.7789,-0.040145,-0.0349
1.7823,-0.092515,-0.9158
1.8134,-0.12177,-0.5673
1.8793,-0.159865,-1.8765
1.9412,-0.15896,-2.6079
1.9702,-0.12751,-3.5603
2.0241,-0.155105,-3.5377
2.073,-0.15255,-2.7514
2.0954,-0.12717,-3.4413
2.1358,-0.14719,-3.3774
2.1707,-0.143435,-2.7429
2.1999,-0.139195,-3.2434
2.2123,-0.123015,-3.1495
2.2327,-0.132035,-3.0435
2.2527,-0.132635,-2.639
2.2565,-0.116625,-2.8645
2.2597,-0.116185,-2.8795
2.2592,-0.11246,-2.4793
2.2541,-0.107605,-2.4683
2.2437,-0.101785,-2.3752
2.228,-0.0957,-2.2538
2.2079,-0.090295,-2.1083
2.2008,-0.10294,-1.9562
2.2208,-0.13104,-1.821
2.2362,-0.12721,-2.1372
2.2626,-0.13953,-2.8397
2.2835,-0.135075,-2.7439
2.2985,-0.129925,-3.0519
2.3038,-0.12049,-2.9405
2.3101,-0.121805,-2.8118
2.3108,-0.11624,-2.5759
2.3059,-0.110395,-2.6088
2.3014,-0.11057,-2.4697
2.28,-0.0926,-2.3235
2.2703,-0.103815,-2.3279
2.2472,-0.08926,-1.8787
2.2338,-0.09829,-2.159
2.2036,-0.07998,-1.7952
2.1868,-0.09254,-2.0209
2.1689,-0.090545,-1.5632
2.1734,-0.11317,-1.8772
2.1875,-0.123475,-1.8273
2.2171,-0.140455,-2.3929
2.2916,-0.18908,-2.6505
2.365,-0.19165,-3.075
2.3991,-0.154055,-4.2907
2.4618,-0.18579,-4.3549
2.5176,-0.18168,-3.415
2.5427,-0.152235,-4.2084
2.566,-0.1516,-4.1057
2.6073,-0.171665,-3.3695
2.6254,-0.14937,-3.3537
2.6559,-0.163295,-3.8553
2.6792,-0.15726,-3.2979
2.6952,-0.15076,-3.646
2.7005,-0.140325,-3.4952
2.7039,-0.138595,-3.3327
2.7056,-0.13698,-3.0718
2.7005,-0.129925,-3.0285
2.6885,-0.122425,-2.9882
2.6699,-0.114895,-2.8118
2.6582,-0.12121,-2.6243
2.6303,-0.103615,-2.436
2.5963,-0.095815,-2.5939
2.5771,-0.109655,-2.154
2.5347,-0.084335,-1.959
2.5114,-0.10227,-2.305
2.4613,-0.072965,-1.672
2.4061,-0.065105,-2.1204
2.3767,-0.089435,-1.3878
2.3463,-0.086915,-1.1913
2.2822,-0.05001,-1.7995
2.2484,-0.07862,-1.7365
2.1825,-0.043225,-0.8139
2.1414,-0.06597,-1.5292
2.1355,-0.100875,-0.6443
2.1434,-0.11507,-1.2129
2.1802,-0.14581,-2.0855
2.1976,-0.12728,-2.4404
2.2135,-0.126575,-3.2089
2.2415,-0.140075,-2.7457
2.2535,-0.124675,-2.728
2.2732,-0.13336,-3.0655
2.281,-0.12185,-2.6805
2.2874,-0.12077,-2.8977
2.2961,-0.123505,-2.6099
2.2995,-0.118375,-2.5829
2.2991,-0.114555,-2.6513
2.2943,-0.109915,-2.523
2.2899,-0.110095,-2.4275
2.2772,-0.10116,-2.3115
2.2689,-0.105145,-2.316
2.2485,-0.092025,-2.0927
2.2365,-0.099825,-2.1923
2.2089,-0.082845,-1.8643
2.1766,-0.07653,-2.0593
2.1398,-0.07019,-1.6348
2.1199,-0.086095,-1.4769
2.0771,-0.061055,-1.3184
2.0303,-0.054715,-1.716
2.0054,-0.07537,-1.09
1.9534,-0.04567,-0.9315
1.9261,-0.069005,-1.4479
1.8718,-0.03929,-0.7054
1.8341,-0.054005,-1.2888
1.8147,-0.071335,-0.5459
1.8083,-0.084015,-0.9138
1.7931,-0.074455,-1.347
1.7746,-0.07023,-1.664
1.7641,-0.077705,-1.425
1.7409,-0.063845,-1.3194
1.7281,-0.073605,-1.5063
1.7003,-0.057215,-1.1598
1.6695,-0.052675,-1.4038
1.636,-0.0483,-0.994
1.5999,-0.043895,-0.8805
1.581,-0.06015,-0.7712
1.5415,-0.037575,-0.661
1.4996,-0.03308,-1.0674
1.4779,-0.052195,-0.503
1.4331,-0.026855,-0.3907
1.4124,-0.04992,-0.8685
1.4037,-0.061485,-0.235
1.4218,-0.08919,-0.8117
1.4364,-0.08642,-1.1008
1.4654,-0.10227,-1.7934
1.4913,-0.100465,-1.7242
1.5029,-0.086745,-2.1204
1.5236,-0.09688,-2.0753
1.5326,-0.08563,-1.7323
1.5479,-0.092695,-1.9857
1.5542,-0.08401,-1.7044
1.5642,-0.08821,-1.881
1.5678,-0.08199,-1.6639
1.5724,-0.08322,-1.7689
1.5733,-0.079565,-1.6134
1.5725,-0.077825,-1.6442
1.5682,-0.07411,-1.5528
1.5648,-0.07484,-1.5093
1.5554,-0.06837,-1.4164
1.5495,-0.071575,-1.4347
1.5353,-0.062565,-1.2729
1.5178,-0.05839,-1.353
1.4973,-0.054365,-1.1278
1.486,-0.063,-1.0234
1.4614,-0.04847,-0.9228
1.4481,-0.059105,-1.1387
1.4195,-0.042375,-0.7754
1.3885,-0.038425,-1.0413
1.3721,-0.052205,-0.623
1.3378,-0.03259,-0.5243
1.3198,-0.04799,-0.8688
1.2826,-0.02693,-0.3784
1.2435,-0.023075,-0.7634
1.2233,-0.040965,-0.2369
1.182,-0.0178,-0.1405
1.1392,-0.01416,-0.5878
1.0952,-0.01076,-0.0087
1.073,-0.03145,0.0823
1.0352,-0.01396,0.1673
1.0169,-0.032545,-0.3499
1.0124,-0.04612,0.0873
1.0222,-0.06091,-0.3773
1.0325,-0.061925,-0.7167
1.037,-0.05635,-1.0864
1.0448,-0.06004,-1.1118
1.0507,-0.058435,-0.9724
1.053,-0.05495,-1.0647
1.0562,-0.05601,-1.0245
1.0575,-0.054175,-0.9374
1.0575,-0.052875,-0.9639
1.056,-0.0513,-0.918
1.0527,-0.049335,-0.8855
1.0503,-0.050115,-0.8462
1.0443,-0.046215,-0.797
1.0364,-0.04392,-0.8165
1.0268,-0.04174,-0.719
1.0155,-0.039475,-0.6617
1.0092,-0.04416,-0.6072
0.9956,-0.03618,-0.5505
0.9804,-0.03382,-0.6677
0.9637,-0.031485,-0.4682
0.9549,-0.038945,-0.4092
0.9363,-0.028215,-0.3508
0.9266,-0.03663,-0.5373
0.9066,-0.02533,-0.269
0.9111,-0.050055,-0.4794
0.9084,-0.04272,-0.1969
0.9271,-0.065055,-0.815
0.9537,-0.074285,-0.6317
0.9666,-0.06123,-1.19
0.9908,-0.07374,-1.4208
1.0128,-0.07264,-1.0944
1.023,-0.06135,-1.4072
1.0415,-0.070575,-1.3797
1.0577,-0.069085,-1.0974
1.0715,-0.067375,-1.328
1.0775,-0.059875,-1.2908
1.0875,-0.064375,-1.248
1.0916,-0.05868,-1.0605
1.0979,-0.061195,-1.173
1.1018,-0.05899,-1.0307
1.1029,-0.056245,-1.0935
1.1032,-0.05546,-1.0384
1.1013,-0.053165,-0.9698
1.0994,-0.05307,-0.9502
1.0941,-0.049405,-0.8928
1.0865,-0.046725,-0.8904
1.0769,-0.044245,-0.7988
1.0714,-0.04807,-0.7318
1.0589,-0.040445,-0.6698
1.0445,-0.037825,-0.7654
1.0367,-0.044035,-0.5748
1.0198,-0.03409,-0.5093
1.0107,-0.041435,-0.6645
0.9916,-0.03048,-0.4159
0.9709,-0.027845,-0.5995
0.949,-0.02555,-0.3257
0.926,-0.0233,-0.2598
0.9142,-0.03391,-0.2024
0.9021,-0.033005,-0.1462
0.8772,-0.01896,-0.4114
0.8512,-0.01656,-0.3888
0.8245,-0.014525,-0.0377
0.7972,-0.01256,0.0223
0.7695,-0.010775,0.0732
0.7555,-0.023775,0.1223
0.7388,-0.02024,0.167
0.7341,-0.032005,-0.158
0.7307,-0.033135,-0.0697
0.7347,-0.040735,-0.3638
0.7464,-0.04902,-0.392
0.7531,-0.044355,-0.582
0.7657,-0.050885,-0.7892
0.7715,-0.044375,-0.6725
0.7822,-0.04981,-0.8358
0.7916,-0.04898,-0.673
0.7958,-0.04399,-0.8089
0.8032,-0.04756,-0.7882
0.8064,-0.04352,-0.6634
0.8092,-0.04326,-0.7527
0.8139,-0.045395,-0.6517
0.8171,-0.044055,-0.6452
0.819,-0.04285,-0.6985
0.8194,-0.04137,-0.665
0.8175,-0.038975,-0.5979
0.8162,-0.03951,-0.5979
0.8126,-0.03703,-0.538
0.8076,-0.03538,-0.5514
0.8014,-0.03387,-0.4894
0.7978,-0.03629,-0.4482
0.7898,-0.03149,-0.4104
0.7854,-0.03487,-0.4709
0.7757,-0.029085,-0.3509
0.765,-0.02755,-0.4354
0.7532,-0.02586,-0.2908
0.747,-0.03115,-0.2524
0.7406,-0.03063,-0.2102
0.727,-0.02275,-0.3424
0.7126,-0.02123,-0.3294
0.6974,-0.01967,-0.1324
0.6817,-0.018385,-0.0944
0.6736,-0.02558,-0.0554
0.657,-0.01625,-0.0233
0.6486,-0.02403,-0.2032
0.6314,-0.01437,0.0301
0.6138,-0.01309,-0.1644
0.6048,-0.02124,0.0771
0.5869,-0.011445,0.1091
0.5686,-0.01013,-0.0947
0.5502,-0.00911,0.1502
0.541,-0.01785,0.1831
0.5227,-0.007835,0.2086
0.5135,-0.016475,-0.0099
0.4953,-0.006565,0.2405
0.4771,-0.005655,0.0245
0.4591,-0.004955,0.2722
0.4502,-0.01361,0.295
0.4328,-0.00424,0.3125
0.4241,-0.012505,0.0961
0.4071,-0.003355,0.3303
0.3905,-0.002925,0.1237
0.3823,-0.010915,0.3525
0.3664,-0.00242,0.3632
0.3508,-0.00194,0.1635
0.3359,-0.001895,0.3758
0.3286,-0.00913,0.3878
0.3452,-0.03386,0.389
0.415,-0.09055,0.2081
0.7708,-0.39434,-0.4102
0.6978,0.03811,-1.8274
0.6403,0.025485,-9.4222
0.5646,0.04747,1.3891
0.5401,-0.002505,1.0735
0.5441,-0.031205,1.6231
0.574,-0.0586,0.3737
0.6205,-0.077525,-0.3438
0.6464,-0.05822,-1.0287
0.6994,-0.08797,-1.5018
0.7521,-0.090305,-1.0192
0.8027,-0.090735,-1.7629
0.827,-0.06565,-1.8213
0.8736,-0.09028,-1.832
0.9177,-0.089985,-1.2049
0.9388,-0.06804,-1.8207
0.9786,-0.08873,-1.8133
0.9974,-0.06867,-1.2647
1.0327,-0.086935,-1.7819
1.065,-0.08555,-1.2804
1.0942,-0.08391,-1.737
1.12,-0.0818,-1.7024
1.1317,-0.068285,-1.6614
1.1615,-0.087875,-1.6087
1.1699,-0.066895,-1.2708
1.1838,-0.07309,-1.7605
1.1945,-0.070425,-1.236
1.202,-0.0676,-1.3909
1.2063,-0.064615,-1.3243
1.2073,-0.061365,-1.2537
1.207,-0.06005,-1.179
1.2057,-0.058985,-1.0978
1.2011,-0.055455,-1.0649
1.1937,-0.052285,-1.0383
1.189,-0.05475,-0.95
1.1777,-0.047585,-0.8708
1.1639,-0.044395,-0.9324
1.1477,-0.041185,-0.7533
1.1388,-0.04804,-0.6735
1.1195,-0.036675,-0.5933
1.0981,-0.033505,-0.7647
1.0749,-0.030545,-0.4805
1.05,-0.0276,-0.4013
1.0236,-0.02478,-0.3273
0.9959,-0.022095,-0.2537
0.9816,-0.03478,-0.1832
0.9522,-0.01821,-0.116
0.9217,-0.015585,-0.4332
0.8903,-0.013115,-0.0189
0.8582,-0.01081,0.0467
0.8256,-0.00868,0.1085
0.7927,-0.006735,0.1661
0.7596,-0.00488,0.2193
0.7264,-0.00312,0.268
0.6933,-0.001565,0.3143
0.6604,-0.00012,0.3583
0.6278,0.00121,0.3972
0.6117,-0.014485,0.4333
0.5798,0.00291,0.4666
0.5482,0.00419,0.0742
0.5171,0.005245,0.5091
0.4868,0.00596,0.5411
0.4573,0.006635,0.5675
0.4287,0.007165,0.5853
0.4011,0.007545,0.6022
0.3745,0.007875,0.6155
0.3616,-0.00518,0.625
0.3368,0.00796,0.6332
0.3128,0.00836,0.3068
0.29,0.0083,0.6353
0.2683,0.008285,0.6453
0.248,0.0079,0.6438
0.2383,-0.002215,0.6435
0.2199,0.007405,0.6338
0.2026,0.00717,0.381
0.1865,0.006775,0.6215
0.1718,0.00611,0.6156
0.1584,0.00548,0.6057
0.1463,0.004785,0.5891
0.1355,0.004025,0.5733
0.126,0.0032,0.556
0.1217,-0.001785,0.537
0.1141,0.001895,0.5163
0.1076,0.00112,0.3917
0.1023,0.000185,0.4837
0.0982,-0.00081,0.4643
0.0952,-0.00176,0.441
0.0942,-0.00371,0.4161
0.0928,-0.00324,0.3923
0.0924,-0.00422,0.3436
0.0926,-0.00483,0.3553
0.0937,-0.005785,0.3308
0.0957,-0.006785,0.3156
0.0986,-0.00783,0.2917
0.1003,-0.006715,0.2667
0.1044,-0.00932,0.2406
0.1067,-0.007635,0.2685
0.1119,-0.010795,0.2033
0.1178,-0.01179,0.2455
0.121,-0.00925,0.1665
0.1278,-0.01319,0.1416
0.1352,-0.01416,0.2051
0.1431,-0.015055,0.1066
0.1472,-0.01146,0.0823
0.1558,-0.01639,0.06
0.1602,-0.01241,0.1498
0.1693,-0.017565,0.0266
0.1789,-0.018545,0.1261
0.1837,-0.013985,-0.0028
0.1936,-0.01958,-0.0273
0.2038,-0.02039,0.0867
0.2141,-0.021005,-0.0532
0.2245,-0.021625,-0.0734
0.2297,-0.016685,-0.0888
0.2402,-0.02251,-0.1043
0.2507,-0.023035,0.0192
0.2559,-0.017995,-0.1264
0.2664,-0.02382,-0.1395
0.2768,-0.02424,-0.0135
0.2871,-0.024655,-0.1592
0.2922,-0.01971,-0.1697
0.3022,-0.02511,-0.18
0.3121,-0.025505,-0.0564
0.317,-0.02075,-0.1914
0.3265,-0.025825,-0.2013
0.3359,-0.026195,-0.0824
0.3404,-0.02152,-0.2093
0.3493,-0.026365,-0.2185
0.3579,-0.026495,-0.1017
0.3662,-0.02661,-0.2228
0.3742,-0.02671,-0.226
0.3817,-0.026585,-0.2289
0.3887,-0.026435,-0.2314
0.3954,-0.02647,-0.2283
0.4016,-0.02628,-0.2245
0.4074,-0.02617,-0.2254
0.4126,-0.02583,-0.2207
0.4175,-0.025775,-0.2179
0.4218,-0.02539,-0.2094
0.4257,-0.025185,-0.208
0.4291,-0.024855,-0.1984
0.4334,-0.02597,-0.1933
0.4357,-0.024085,-0.185
0.4376,-0.02378,-0.2129
0.4383,-0.022615,-0.1658
0.4395,-0.023175,-0.1582
0.4403,-0.022815,-0.129
0.4406,-0.02233,-0.143
0.4405,-0.021925,-0.134
0.44,-0.0215,-0.1219
0.4391,-0.021055,-0.1118
0.4372,-0.01996,-0.1012
0.4356,-0.02018,-0.09
0.4346,-0.02073,-0.0627
0.4328,-0.01984,-0.0682
0.433,-0.02185,-0.0819
0.4424,-0.03152,-0.0597
0.4995,-0.082075,-0.1099
0.582,-0.1116,-0.3517
0.7051,-0.158355,-1.6155
0.8679,-0.206195,-2.3537
0.5059,0.336705,-3.5225
0.4106,0.07477,-4.7185
0.4097,-0.019585,8.854
0.4138,-0.02479,2.3056
0.4172,-0.02426,-0.0533
0.4187,-0.022435,-0.1834
0.4215,-0.023875,-0.1702
0.4249,-0.024645,-0.1245
0.4266,-0.02303,-0.1605
0.428,-0.0228,-0.1798
0.4289,-0.022345,-0.1394
0.4297,-0.022285,-0.1337
0.4298,-0.02159,-0.1223
0.4295,-0.021175,-0.1208
0.4289,-0.020845,-0.1034
0.4281,-0.020605,-0.093
0.427,-0.02025,-0.0848
0.4257,-0.019985,-0.0788
0.4241,-0.019605,-0.0699
0.4223,-0.019315,-0.0633
0.4203,-0.019015,-0.0538
0.4181,-0.018705,-0.0465
0.4157,-0.018385,-0.039
0.4132,-0.01816,-0.0313
0.4106,-0.01793,-0.0233
0.4078,-0.01759,-0.0177
0.4049,-0.017345,-0.0119
0.402,-0.0172,-0.0034
0.399,-0.01695,0.0027
0.3959,-0.016695,0.0063
0.3928,-0.01654,0.0126
0.3897,-0.016385,0.019
0.3866,-0.01623,0.0228
0.3835,-0.016075,0.0267
0.3804,-0.01592,0.0306
0.3774,-0.01587,0.0345
0.3746,-0.01593,0.0383
0.3719,-0.015895,0.0396
0.3694,-0.01597,0.0381
0.3669,-0.015845,0.039
0.3657,-0.017085,0.0371
0.3634,-0.01587,0.0402
0.3612,-0.01586,0.0092
0.3603,-0.017115,0.0396
0.3652,-0.02316,0.0398
0.3965,-0.051125,0.0085
0.4013,-0.024865,-0.1427
0.4297,-0.049885,-0.8418
0.4826,-0.07703,-0.1853
0.5088,-0.05164,-0.8108
0.5597,-0.078885,-1.4894
0.6092,-0.07996,-0.8547
0.6332,-0.05566,-1.5358
0.6794,-0.08017,-1.5627
0.7017,-0.057385,-0.9552
0.7444,-0.07992,-1.5679
0.7848,-0.07964,-0.9983
0.8041,-0.059505,-1.5617
0.8404,-0.07832,-1.5547
0.8741,-0.077405,-1.0513
0.905,-0.07615,-1.5217
0.9456,-0.08788,-1.4988
0.9689,-0.071745,-1.4674
0.9888,-0.06934,-1.7607
1.0054,-0.06687,-1.3573
1.0126,-0.05783,-1.2972
1.0297,-0.068585,-1.2354
1.0404,-0.06272,-1.0094
1.0426,-0.05433,-1.2783
1.0448,-0.05444,-1.1317
1.0443,-0.051715,-0.9219
1.0413,-0.049065,-0.9247
1.0359,-0.046395,-0.8565
1.0299,-0.045495,-0.7903
1.033,-0.05475,-0.7235
1.0533,-0.072965,-0.701
1.0929,-0.094245,-0.9324
1.1412,-0.10536,-1.3878
1.1863,-0.104415,-1.9198
1.2275,-0.102575,-2.1977
1.2647,-0.100435,-2.174
1.2978,-0.09799,-2.128
1.3268,-0.09534,-2.0745
1.3397,-0.079885,-2.0134
1.3624,-0.09082,-1.9472
1.3812,-0.08786,-1.5608
1.3961,-0.084705,-1.8342
1.4068,-0.08104,-1.7602
1.4136,-0.07748,-1.6813
1.4165,-0.073725,-1.5897
1.4155,-0.069775,-1.5007
1.4109,-0.065945,-1.4068
1.4027,-0.061935,-1.308
1.3974,-0.06457,-1.2123
1.3842,-0.05601,-1.112
1.3678,-0.05199,-1.1779
1.3484,-0.04802,-0.9639
1.3263,-0.044215,-0.8634
1.3015,-0.040275,-0.7642
1.2743,-0.036515,-0.669
1.2449,-0.032845,-0.5705
1.197,-0.01195,-0.4765
1.1662,-0.02751,-0.3848
1.1681,-0.060305,0.1376
1.1853,-0.076465,-0.2514
1.227,-0.10305,-1.0713
1.247,-0.08235,-1.4753
1.3016,-0.11968,-2.1399
1.3338,-0.09889,-1.6224
1.3485,-0.082125,-2.5557
1.3869,-0.107745,-2.0359
1.4079,-0.091395,-1.6168
1.4248,-0.08814,-2.2573
1.4317,-0.078485,-1.8485
1.4427,-0.083135,-1.7672
1.4499,-0.079695,-1.5258
1.565,-0.19335,-1.642
1.5561,-0.068905,-1.556
1.6165,-0.141225,-4.3974
1.7442,-0.21491,-1.2863
1.8669,-0.216045,-3.0943
1.982,-0.2142,-4.9364
2.0364,-0.15622,-4.9648
2.1385,-0.209025,-4.9187
2.1867,-0.157535,-3.4692
2.2763,-0.203415,-4.7893
2.3579,-0.199495,-3.502
2.4306,-0.19423,-4.649
2.494,-0.1881,-4.551
2.5222,-0.15431,-4.4194
2.5481,-0.153305,-4.2662
2.5936,-0.17518,-3.4214
2.6307,-0.168635,-3.3963
2.6588,-0.16104,-3.9432
2.6695,-0.144175,-3.7795
2.6843,-0.149015,-3.5897
2.6885,-0.138625,-3.168
2.6945,-0.140725,-3.289
2.6747,-0.113935,-3.0293
2.7703,-0.234115,-3.0818
2.8872,-0.26126,-2.412
3.0176,-0.28128,-5.4165
3.1367,-0.275935,-6.0952
3.2439,-0.269395,-6.5957
3.3385,-0.261525,-6.462
3.4202,-0.25271,-6.2985
3.4889,-0.243145,-6.1018
3.5184,-0.20542,-5.8814
3.568,-0.228,-5.6423
3.6057,-0.217985,-4.6992
3.6313,-0.207165,-5.2637
3.4177,0.042715,-5.0133
3.6431,-0.407555,-4.7428
3.8896,-0.44098,1.5042
4.0694,-0.38327,-9.7525
4.3437,-0.491485,-10.5882
4.5033,-0.384765,-9.1454
4.6418,-0.37059,-11.8508
4.7034,-0.29677,-9.1828
4.8124,-0.34962,-8.8284
4.9041,-0.336905,-6.9829
4.9778,-0.32259,-8.3042
5.0334,-0.30727,-7.9863
5.0712,-0.29136,-7.6284
5.0836,-0.26658,-7.2454
5.096,-0.2672,-6.8477
5.0923,-0.250915,-6.2282
5.0731,-0.234455,-6.2437
5.0387,-0.217535,-5.8365
4.9901,-0.200905,-5.425
4.9558,-0.21349,-5.002
4.8781,-0.166205,-4.5863
4.9816,-0.35258,-4.9009
5.0361,-0.306305,-3.7188
5.105,-0.32415,-8.3782
5.1731,-0.326755,-7.2213
5.2443,-0.333415,-7.6674
5.3174,-0.33897,-7.7325
5.4196,-0.37318,-7.899
5.4738,-0.32789,-8.0379
5.5181,-0.320205,-8.8932
5.57,-0.3304,-7.7609
5.5965,-0.306325,-7.5688
5.5999,-0.283395,-7.8237
5.5573,-0.235265,-7.2218
5.5495,-0.269675,-6.6485
5.514,-0.2402,-5.4453
5.5205,-0.282525,-6.3055
5.5252,-0.28096,-5.5687
5.5271,-0.278255,-6.6268
5.5133,-0.261865,-6.5877
5.4882,-0.24931,-6.52
5.451,-0.23535,-6.1103
5.4019,-0.220995,-5.7964
5.3511,-0.216755,-5.4474
5.2906,-0.20403,-5.0885
5.2217,-0.192185,-4.9825
5.1194,-0.15367,-4.6644
5.0501,-0.183205,-4.3683
5.0205,-0.221425,-3.4054
4.9647,-0.192435,-4.1438
4.897,-0.17715,-5.0993
4.8775,-0.224375,-4.3745
4.8393,-0.203765,-3.9924
4.8073,-0.208365,-5.173
4.7712,-0.20246,-4.6578
4.7531,-0.219555,-4.7728
4.7356,-0.21928,-4.6252
4.7198,-0.22019,-5.0525
4.7194,-0.23557,-5.0457
4.7446,-0.26243,-5.0684
4.7864,-0.28112,-5.4529
4.8362,-0.29161,-6.1244
4.8847,-0.292735,-6.5917
4.9014,-0.26177,-6.8539
4.9315,-0.276675,-6.882
4.9455,-0.261275,-6.1079
4.9722,-0.27531,-6.4805
4.9974,-0.27507,-6.0955
5.0211,-0.274755,-6.4464
5.0432,-0.27426,-6.4404
5.0639,-0.273895,-6.4325
5.084,-0.2743,-6.4202
5.1034,-0.27457,-6.411
5.1223,-0.275015,-6.4212
5.1387,-0.273335,-6.4279
5.1495,-0.268275,-6.439
5.1705,-0.279525,-6.39